Jun 27, 2025  10:46:46 AM
Residual Gas Analyzer Software 
RGA Software Version, 3.218.004

Pressure vs Time Scan Setup:

Active channels in Scan, 5 
Units, Torr
Sample Period, 1.00, sec
Focus Voltage, 90, Volts 
Ion Energy, HIGH 
Electron Energy, 70, eV 
CEM Voltage, 1200, Volts
CEM Gain, 1.02E+003 
Sensitivity Factor, 1.56E-004 
Filament Current, 1.00, mAmps
Start time, Jun 27, 2025  10:46:46 AM 
Channel,  Mass(amu),     Name,                 Cal Factor,  Noise Floor, CEM Status

1         28.00          Nitrogen              1.00         3            OFF
2         32.00          Oxygen                1.00         3            OFF
3         18.00          Water                 1.00         3            OFF
4         40.00          Argon                 1.00         3            OFF
5         69.00          CF4                   1.00         3            OFF


Time(s)      Channel#1   Channel#2   Channel#3   Channel#4   Channel#5   

0.000,   5.1793E-006,   1.7379E-007,   7.3164E-007,   5.6220E-008,   4.3443E-008,  
2.028,   1.3166E-006,   2.2637E-007,   5.3264E-007,   4.0436E-008,   5.6713E-008,  
4.056,   1.2280E-006,   2.0511E-007,   5.1854E-007,   4.1337E-008,   6.0420E-008,  
6.084,   1.2175E-006,   2.0482E-007,   5.2893E-007,   4.2684E-008,   6.2212E-008,  
8.112,   1.2170E-006,   2.0558E-007,   5.3727E-007,   4.2876E-008,   6.2623E-008,  
10.140,   1.2152E-006,   2.0549E-007,   5.3653E-007,   4.3105E-008,   6.3921E-008,  
12.168,   1.2192E-006,   2.0680E-007,   5.3922E-007,   4.3478E-008,   6.4953E-008,  
14.196,   1.2074E-006,   2.0689E-007,   5.4674E-007,   4.3743E-008,   6.4547E-008,  
16.224,   1.2161E-006,   2.0958E-007,   5.4845E-007,   4.3922E-008,   6.5887E-008,  
18.252,   1.2137E-006,   2.0766E-007,   5.4925E-007,   4.3867E-008,   6.6104E-008,  
20.280,   1.2004E-006,   2.0784E-007,   5.5303E-007,   4.3902E-008,   6.6828E-008,  
22.308,   1.2113E-006,   2.0860E-007,   5.5396E-007,   4.4765E-008,   6.7130E-008,  
24.336,   1.2067E-006,   2.0808E-007,   5.5236E-007,   4.4211E-008,   6.6447E-008,  
26.364,   1.1990E-006,   2.0784E-007,   5.5536E-007,   4.4017E-008,   6.7631E-008,  
28.392,   1.2041E-006,   2.0742E-007,   5.4908E-007,   4.4345E-008,   6.7535E-008,  
30.420,   1.1820E-006,   2.0463E-007,   5.4579E-007,   4.3834E-008,   6.7738E-008,  
32.448,   1.1791E-006,   2.0337E-007,   5.4054E-007,   4.3460E-008,   6.8031E-008,  
34.476,   1.1589E-006,   2.0089E-007,   5.3630E-007,   4.2864E-008,   6.8540E-008,  
36.504,   1.1507E-006,   1.9863E-007,   5.3672E-007,   4.2888E-008,   6.9253E-008,  
38.532,   1.1303E-006,   1.9962E-007,   5.3289E-007,   4.3377E-008,   7.0390E-008,  
40.560,   1.1463E-006,   2.0293E-007,   5.3665E-007,   4.3771E-008,   7.1803E-008,  
42.588,   1.1539E-006,   2.0506E-007,   5.4112E-007,   4.4486E-008,   7.3506E-008,  
44.616,   1.1667E-006,   2.0641E-007,   5.5137E-007,   4.5196E-008,   7.4678E-008,  
46.644,   1.1732E-006,   2.0886E-007,   5.5404E-007,   4.5081E-008,   7.5456E-008,  
48.672,   1.1756E-006,   2.1023E-007,   5.5130E-007,   4.5512E-008,   7.6195E-008,  
50.700,   1.1854E-006,   2.0973E-007,   5.5463E-007,   4.5532E-008,   7.6777E-008,  
52.728,   1.1808E-006,   2.1019E-007,   5.5589E-007,   4.5748E-008,   7.7885E-008,  
54.756,   1.1916E-006,   2.1004E-007,   5.5669E-007,   4.5585E-008,   7.7535E-008,  
56.784,   1.1841E-006,   2.0902E-007,   5.5802E-007,   4.5495E-008,   7.7640E-008,  
58.812,   1.1842E-006,   2.0946E-007,   5.5190E-007,   4.5704E-008,   7.7565E-008,  
60.840,   1.1874E-006,   2.0993E-007,   5.5762E-007,   4.5360E-008,   7.7905E-008,  
62.868,   1.1865E-006,   2.0943E-007,   5.5869E-007,   4.5885E-008,   7.8110E-008,  
64.896,   1.1860E-006,   2.0842E-007,   5.5416E-007,   4.5641E-008,   7.8138E-008,  
66.924,   1.1816E-006,   2.0938E-007,   5.5850E-007,   4.5849E-008,   7.7877E-008,  
68.952,   1.1861E-006,   2.1011E-007,   5.6104E-007,   4.5501E-008,   7.8473E-008,  
70.980,   1.1910E-006,   2.1037E-007,   5.5881E-007,   4.5342E-008,   7.8156E-008,  
73.008,   1.1900E-006,   2.1011E-007,   5.5628E-007,   4.5395E-008,   7.7406E-008,  
75.036,   1.1858E-006,   2.0992E-007,   5.5793E-007,   4.5519E-008,   7.7927E-008,  
77.064,   1.1939E-006,   2.0937E-007,   5.6060E-007,   4.5752E-008,   7.7425E-008,  
79.092,   1.1899E-006,   2.0995E-007,   5.5759E-007,   4.5412E-008,   7.8392E-008,  
81.120,   1.1887E-006,   2.1020E-007,   5.5657E-007,   4.5472E-008,   7.7656E-008,  
83.148,   1.1871E-006,   2.0935E-007,   5.5736E-007,   4.5348E-008,   7.7358E-008,  
85.176,   1.1860E-006,   2.0982E-007,   5.5994E-007,   4.5246E-008,   7.7718E-008,  
87.204,   1.1827E-006,   2.0975E-007,   5.5772E-007,   4.5373E-008,   7.7488E-008,  
89.233,   1.1877E-006,   2.1061E-007,   5.5718E-007,   4.4819E-008,   7.7569E-008,  
91.261,   1.1789E-006,   2.0835E-007,   5.5897E-007,   4.5308E-008,   7.7432E-008,  
93.289,   1.1816E-006,   2.1036E-007,   5.5658E-007,   4.4741E-008,   7.6847E-008,  
95.317,   1.1804E-006,   2.0856E-007,   5.5741E-007,   4.5068E-008,   7.7038E-008,  
97.345,   1.1819E-006,   2.0891E-007,   5.5683E-007,   4.5039E-008,   7.6955E-008,  
99.373,   1.1804E-006,   2.0965E-007,   5.5794E-007,   4.4798E-008,   7.7076E-008,  
101.401,   1.1833E-006,   2.0936E-007,   5.5729E-007,   4.5047E-008,   7.6257E-008,  
103.429,   1.1812E-006,   2.0866E-007,   5.5871E-007,   4.4716E-008,   7.6201E-008,  
105.457,   1.1771E-006,   2.0985E-007,   5.6081E-007,   4.4923E-008,   7.6583E-008,  
107.485,   1.1781E-006,   2.0985E-007,   5.5549E-007,   4.4870E-008,   7.6335E-008,  
109.513,   1.1773E-006,   2.0818E-007,   5.5822E-007,   4.4992E-008,   7.5597E-008,  
111.541,   1.1721E-006,   2.0836E-007,   5.5915E-007,   4.4899E-008,   7.6222E-008,  
113.569,   1.1721E-006,   2.0793E-007,   5.6185E-007,   4.4747E-008,   7.5599E-008,  
115.597,   1.1772E-006,   2.0740E-007,   5.5869E-007,   4.4293E-008,   7.5542E-008,  
117.625,   1.1780E-006,   2.0878E-007,   5.5826E-007,   4.4496E-008,   7.5156E-008,  
119.653,   1.1681E-006,   2.0713E-007,   5.5945E-007,   4.4415E-008,   7.5473E-008,  
121.681,   1.1687E-006,   2.0698E-007,   5.6003E-007,   4.4649E-008,   7.4992E-008,  
123.709,   1.1681E-006,   2.0527E-007,   5.5816E-007,   4.4512E-008,   7.4620E-008,  
125.737,   1.1659E-006,   2.0689E-007,   5.5729E-007,   4.4376E-008,   7.4956E-008,  
127.765,   1.1642E-006,   2.0571E-007,   5.5645E-007,   4.4031E-008,   7.4234E-008,  
129.793,   1.1560E-006,   2.0493E-007,   5.5679E-007,   4.4169E-008,   7.4643E-008,  
131.821,   1.1624E-006,   2.0593E-007,   5.5839E-007,   4.4435E-008,   7.4492E-008,  
133.849,   1.1615E-006,   2.0477E-007,   5.5979E-007,   4.4328E-008,   7.4113E-008,  
135.877,   1.1525E-006,   2.0435E-007,   5.6199E-007,   4.4108E-008,   7.4197E-008,  
137.905,   1.1574E-006,   2.0557E-007,   5.5946E-007,   4.4145E-008,   7.4652E-008,  
139.933,   1.1557E-006,   2.0418E-007,   5.6330E-007,   4.4414E-008,   7.4440E-008,  
141.961,   1.1549E-006,   2.0552E-007,   5.6334E-007,   4.4563E-008,   7.4243E-008,  
143.989,   1.1645E-006,   2.0477E-007,   5.6730E-007,   4.4224E-008,   7.4270E-008,  
146.017,   1.1567E-006,   2.0506E-007,   5.6314E-007,   4.4115E-008,   7.3960E-008,  
148.045,   1.1524E-006,   2.0501E-007,   5.6563E-007,   4.3832E-008,   7.3780E-008,  
150.073,   1.1531E-006,   2.0450E-007,   5.6561E-007,   4.3627E-008,   7.3652E-008,  
152.101,   1.1561E-006,   2.0375E-007,   5.6659E-007,   4.4245E-008,   7.4000E-008,  
154.129,   1.1519E-006,   2.0323E-007,   5.6519E-007,   4.3988E-008,   7.3812E-008,  
156.157,   1.1468E-006,   2.0236E-007,   5.6447E-007,   4.3749E-008,   7.3908E-008,  
158.185,   1.1482E-006,   2.0326E-007,   5.6776E-007,   4.3593E-008,   7.3530E-008,  
160.213,   1.1467E-006,   2.0350E-007,   5.6923E-007,   4.3691E-008,   7.3650E-008,  
162.241,   1.1480E-006,   2.0221E-007,   5.7317E-007,   4.4020E-008,   7.3770E-008,  
164.269,   1.1520E-006,   2.0250E-007,   5.7002E-007,   4.3923E-008,   7.2946E-008,  
166.297,   1.1437E-006,   2.0230E-007,   5.7141E-007,   4.3915E-008,   7.3641E-008,  
168.325,   1.1504E-006,   2.0213E-007,   5.7418E-007,   4.3915E-008,   7.3356E-008,  
170.353,   1.1440E-006,   2.0301E-007,   5.7475E-007,   4.4133E-008,   7.3430E-008,  
172.381,   1.1498E-006,   2.0354E-007,   5.7451E-007,   4.4181E-008,   7.3209E-008,  
174.409,   1.1507E-006,   2.0353E-007,   5.7593E-007,   4.3973E-008,   7.3278E-008,  
176.437,   1.1471E-006,   2.0398E-007,   5.7905E-007,   4.3721E-008,   7.3291E-008,  
178.465,   1.1544E-006,   2.0413E-007,   5.8104E-007,   4.4103E-008,   7.3237E-008,  
180.493,   1.1479E-006,   2.0181E-007,   5.7778E-007,   4.3972E-008,   7.3456E-008,  
182.521,   1.1482E-006,   2.0260E-007,   5.8065E-007,   4.3686E-008,   7.2768E-008,  
184.549,   1.1461E-006,   2.0255E-007,   5.8066E-007,   4.4158E-008,   7.3093E-008,  
186.577,   1.1495E-006,   2.0325E-007,   5.8568E-007,   4.3895E-008,   7.3298E-008,  
188.605,   1.1496E-006,   2.0166E-007,   5.8507E-007,   4.3925E-008,   7.2523E-008,  
190.633,   1.1510E-006,   2.0413E-007,   5.8968E-007,   4.3885E-008,   7.3802E-008,  
192.661,   1.1481E-006,   2.0164E-007,   5.9183E-007,   4.3892E-008,   7.3447E-008,  
194.689,   1.1492E-006,   2.0282E-007,   5.9406E-007,   4.3989E-008,   7.3656E-008,  
196.717,   1.1570E-006,   2.0414E-007,   5.9252E-007,   4.4333E-008,   7.3858E-008,  
198.745,   1.1526E-006,   2.0356E-007,   5.9795E-007,   4.4309E-008,   7.3093E-008,  
200.773,   1.1499E-006,   2.0377E-007,   5.9749E-007,   4.4238E-008,   7.3228E-008,  
202.801,   1.1606E-006,   2.0309E-007,   5.9635E-007,   4.4182E-008,   7.3427E-008,  
204.829,   1.1506E-006,   2.0245E-007,   6.0157E-007,   4.4170E-008,   7.3489E-008,  
206.857,   1.1514E-006,   2.0193E-007,   6.0255E-007,   4.3670E-008,   7.2998E-008,  
208.885,   1.1524E-006,   2.0364E-007,   6.0497E-007,   4.4332E-008,   7.3572E-008,  
210.913,   1.1503E-006,   2.0390E-007,   6.0741E-007,   4.4250E-008,   7.3509E-008,  
212.941,   1.1566E-006,   2.0463E-007,   6.0849E-007,   4.4465E-008,   7.3596E-008,  
214.969,   1.1518E-006,   2.0206E-007,   6.0841E-007,   4.4465E-008,   7.4239E-008,  
216.997,   1.1586E-006,   2.0337E-007,   6.1841E-007,   4.4657E-008,   7.3241E-008,  
219.025,   1.1596E-006,   2.0192E-007,   6.1452E-007,   4.4769E-008,   7.3769E-008,  
221.053,   1.1578E-006,   2.0236E-007,   6.1731E-007,   4.4624E-008,   7.4054E-008,  
223.081,   1.1629E-006,   2.0220E-007,   6.2480E-007,   4.4399E-008,   7.4273E-008,  
225.109,   1.1554E-006,   2.0284E-007,   6.2381E-007,   4.4364E-008,   7.3869E-008,  
227.137,   1.1615E-006,   2.0451E-007,   6.2463E-007,   4.4800E-008,   7.3590E-008,  
229.165,   1.1549E-006,   2.0201E-007,   6.2968E-007,   4.4584E-008,   7.4624E-008,  
231.193,   1.1625E-006,   2.0328E-007,   6.3257E-007,   4.4684E-008,   7.4367E-008,  
233.221,   1.1570E-006,   2.0279E-007,   6.3239E-007,   4.4752E-008,   7.3960E-008,  
235.249,   1.1673E-006,   2.0454E-007,   6.3607E-007,   4.5037E-008,   7.4929E-008,  
237.277,   1.1675E-006,   2.0389E-007,   6.3697E-007,   4.4466E-008,   7.4210E-008,  
239.305,   1.1591E-006,   2.0337E-007,   6.3998E-007,   4.5063E-008,   7.4434E-008,  
241.333,   1.1649E-006,   2.0442E-007,   6.4961E-007,   4.4766E-008,   7.4760E-008,  
243.361,   1.1695E-006,   2.0476E-007,   6.4792E-007,   4.5157E-008,   7.5478E-008,  
245.390,   1.1652E-006,   2.0363E-007,   6.4797E-007,   4.5555E-008,   7.4447E-008,  
247.418,   1.1692E-006,   2.0362E-007,   6.5886E-007,   4.5299E-008,   7.5524E-008,  
249.446,   1.1675E-006,   2.0523E-007,   6.5941E-007,   4.5213E-008,   7.5507E-008,  
251.474,   1.1764E-006,   2.0523E-007,   6.6300E-007,   4.5144E-008,   7.5493E-008,  
253.502,   1.1704E-006,   2.0493E-007,   6.6580E-007,   4.5926E-008,   7.5331E-008,  
255.530,   1.1775E-006,   2.0442E-007,   6.6806E-007,   4.5676E-008,   7.6239E-008,  
257.558,   1.1808E-006,   2.0932E-007,   6.8268E-007,   4.5622E-008,   7.6177E-008,  
259.586,   1.1705E-006,   2.0503E-007,   6.7428E-007,   4.5901E-008,   7.5923E-008,  
261.614,   1.1702E-006,   2.0365E-007,   6.7618E-007,   4.7166E-008,   7.5591E-008,  
263.642,   1.1794E-006,   2.0361E-007,   6.8122E-007,   4.7934E-008,   7.6433E-008,  
265.670,   1.1761E-006,   2.0537E-007,   6.8257E-007,   4.7910E-008,   7.5919E-008,  
267.698,   1.1813E-006,   2.0580E-007,   6.8681E-007,   4.7226E-008,   7.6069E-008,  
269.726,   1.1832E-006,   2.0458E-007,   6.8792E-007,   4.7273E-008,   7.6224E-008,  
271.754,   1.1840E-006,   2.0570E-007,   6.9408E-007,   4.7195E-008,   7.6600E-008,  
273.782,   1.1769E-006,   2.0400E-007,   6.9338E-007,   4.7107E-008,   7.6193E-008,  
275.810,   1.1825E-006,   2.0619E-007,   6.9869E-007,   4.6846E-008,   7.6712E-008,  
277.838,   1.1811E-006,   2.0646E-007,   7.0239E-007,   4.6965E-008,   7.7008E-008,  
279.866,   1.1940E-006,   2.0769E-007,   7.0742E-007,   4.6975E-008,   7.6981E-008,  
281.894,   1.1889E-006,   2.0643E-007,   7.1026E-007,   4.6957E-008,   7.7315E-008,  
283.922,   1.1854E-006,   2.0601E-007,   7.1213E-007,   4.6803E-008,   7.6932E-008,  
285.950,   1.1929E-006,   2.0669E-007,   7.1537E-007,   4.6949E-008,   7.7419E-008,  
287.978,   1.2017E-006,   2.0755E-007,   7.2141E-007,   4.7072E-008,   7.7960E-008,  
290.006,   1.2073E-006,   2.0688E-007,   7.2764E-007,   4.7096E-008,   7.7579E-008,  
292.034,   1.2109E-006,   2.0743E-007,   7.3358E-007,   4.7204E-008,   7.7572E-008,  
294.062,   1.2030E-006,   2.0684E-007,   7.3604E-007,   4.7697E-008,   7.8142E-008,  
296.090,   1.2021E-006,   2.0813E-007,   7.4494E-007,   4.7548E-008,   7.8860E-008,  
298.118,   1.1995E-006,   2.0806E-007,   7.4956E-007,   4.7552E-008,   7.9045E-008,  
300.146,   1.2034E-006,   2.0754E-007,   7.5891E-007,   4.7462E-008,   7.9482E-008,  
302.174,   1.2186E-006,   2.0641E-007,   7.5535E-007,   4.7691E-008,   7.9164E-008,  
304.202,   1.2239E-006,   2.1033E-007,   7.6384E-007,   4.7571E-008,   7.9682E-008,  
306.230,   1.2085E-006,   2.0721E-007,   7.6158E-007,   4.8086E-008,   7.9591E-008,  
308.258,   1.2030E-006,   2.0854E-007,   7.6778E-007,   4.7791E-008,   7.9428E-008,  
310.286,   1.2219E-006,   2.0915E-007,   7.7226E-007,   4.8414E-008,   8.0106E-008,  
312.314,   1.2273E-006,   2.1214E-007,   7.7435E-007,   4.8341E-008,   8.0117E-008,  
314.342,   1.2179E-006,   2.1044E-007,   7.8386E-007,   4.8613E-008,   8.0294E-008,  
316.370,   1.2339E-006,   2.0898E-007,   7.8153E-007,   4.8417E-008,   8.1106E-008,  
318.398,   1.2257E-006,   2.0996E-007,   7.9522E-007,   4.8858E-008,   8.0828E-008,  
320.426,   1.2256E-006,   2.1013E-007,   8.0006E-007,   4.8882E-008,   8.1473E-008,  
322.454,   1.2275E-006,   2.0987E-007,   8.0275E-007,   4.8948E-008,   8.1685E-008,  
324.482,   1.2318E-006,   2.1035E-007,   8.0906E-007,   4.8433E-008,   8.1091E-008,  
326.510,   1.2407E-006,   2.1185E-007,   8.1279E-007,   4.9122E-008,   8.2608E-008,  
328.538,   1.2402E-006,   2.1191E-007,   8.2098E-007,   4.9683E-008,   8.2090E-008,  
330.566,   1.2459E-006,   2.1134E-007,   8.3172E-007,   4.9733E-008,   8.2226E-008,  
332.594,   1.2418E-006,   2.1242E-007,   8.3240E-007,   4.9953E-008,   8.2087E-008,  
334.622,   1.2580E-006,   2.1361E-007,   8.3606E-007,   4.9698E-008,   8.3220E-008,  
336.650,   1.2531E-006,   2.1268E-007,   8.4528E-007,   5.0305E-008,   8.3615E-008,  
338.678,   1.2546E-006,   2.1409E-007,   8.4959E-007,   5.0056E-008,   8.2972E-008,  
340.706,   1.2571E-006,   2.1469E-007,   8.6509E-007,   5.0378E-008,   8.3705E-008,  
342.734,   1.2671E-006,   2.1519E-007,   8.5648E-007,   5.0864E-008,   8.4490E-008,  
344.762,   1.2784E-006,   2.1681E-007,   8.6526E-007,   5.0833E-008,   8.4705E-008,  
346.790,   1.2666E-006,   2.1598E-007,   8.7831E-007,   5.1414E-008,   8.4406E-008,  
348.818,   1.2771E-006,   2.1634E-007,   8.7827E-007,   5.1375E-008,   8.4876E-008,  
350.846,   1.2765E-006,   2.1621E-007,   8.8311E-007,   5.1584E-008,   8.5524E-008,  
352.874,   1.2766E-006,   2.1586E-007,   8.9357E-007,   5.2456E-008,   8.5680E-008,  
354.902,   1.2839E-006,   2.1754E-007,   9.0351E-007,   5.2008E-008,   8.5381E-008,  
356.930,   1.2967E-006,   2.1780E-007,   9.1355E-007,   5.2035E-008,   8.5678E-008,  
358.958,   1.2958E-006,   2.1853E-007,   9.2481E-007,   5.3248E-008,   8.6111E-008,  
360.986,   1.2981E-006,   2.1961E-007,   9.2526E-007,   5.2401E-008,   8.7177E-008,  
363.014,   1.3099E-006,   2.2092E-007,   9.2837E-007,   5.2866E-008,   8.7770E-008,  
365.042,   1.3004E-006,   2.1910E-007,   9.3227E-007,   5.2866E-008,   8.8376E-008,  
367.070,   1.2962E-006,   2.1872E-007,   9.3388E-007,   5.3075E-008,   8.7660E-008,  
369.098,   1.3056E-006,   2.1959E-007,   9.4864E-007,   5.3121E-008,   8.8157E-008,  
371.126,   1.3161E-006,   2.2194E-007,   9.5587E-007,   5.3156E-008,   8.8193E-008,  
373.154,   1.3161E-006,   2.2485E-007,   9.6696E-007,   5.3294E-008,   8.8325E-008,  
375.182,   1.3266E-006,   2.2174E-007,   9.7555E-007,   5.3630E-008,   9.0110E-008,  
377.210,   1.3290E-006,   2.2299E-007,   9.8129E-007,   5.4714E-008,   8.9532E-008,  
379.238,   1.3269E-006,   2.2234E-007,   9.8274E-007,   5.4044E-008,   9.1631E-008,  
381.266,   1.3249E-006,   2.2330E-007,   9.8594E-007,   5.4497E-008,   9.0373E-008,  
383.294,   1.3310E-006,   2.2351E-007,   9.9834E-007,   5.4560E-008,   9.0217E-008,  
385.322,   1.3339E-006,   2.2319E-007,   1.0058E-006,   5.4433E-008,   9.1488E-008,  
387.350,   1.3474E-006,   2.2441E-007,   1.0021E-006,   5.4648E-008,   9.0627E-008,  
389.378,   1.3451E-006,   2.2419E-007,   1.0130E-006,   5.4834E-008,   9.1905E-008,  
391.406,   1.3456E-006,   2.2480E-007,   1.0256E-006,   5.5199E-008,   9.2680E-008,  
393.434,   1.3301E-006,   2.2430E-007,   1.0281E-006,   5.5880E-008,   9.2767E-008,  
395.462,   1.3539E-006,   2.2603E-007,   1.0360E-006,   5.6595E-008,   9.2453E-008,  
397.490,   1.3579E-006,   2.2662E-007,   1.0397E-006,   5.5944E-008,   9.2113E-008,  
399.518,   1.3598E-006,   2.2687E-007,   1.0518E-006,   5.5545E-008,   9.3161E-008,  
401.547,   1.3576E-006,   2.2680E-007,   1.0863E-006,   5.6487E-008,   9.2262E-008,  
403.575,   1.3668E-006,   2.2794E-007,   1.0631E-006,   5.6075E-008,   9.3729E-008,  
405.603,   1.3564E-006,   2.2439E-007,   1.0610E-006,   5.5911E-008,   9.3309E-008,  
407.631,   1.3698E-006,   2.2688E-007,   1.0766E-006,   5.6361E-008,   9.3650E-008,  
409.659,   1.3832E-006,   2.2652E-007,   1.0777E-006,   5.6436E-008,   9.4315E-008,  
411.687,   1.3799E-006,   2.2731E-007,   1.0934E-006,   5.6775E-008,   9.3875E-008,  
413.715,   1.3776E-006,   2.2833E-007,   1.0958E-006,   5.6959E-008,   9.5491E-008,  
415.743,   1.3845E-006,   2.2898E-007,   1.0965E-006,   5.7440E-008,   9.5244E-008,  
417.771,   1.3922E-006,   2.3031E-007,   1.1045E-006,   5.6677E-008,   9.5484E-008,  
419.799,   1.4309E-006,   2.3714E-007,   1.1275E-006,   5.7036E-008,   9.4152E-008,  
421.827,   1.3755E-006,   2.2885E-007,   1.1274E-006,   5.7926E-008,   9.5917E-008,  
423.855,   1.3925E-006,   2.2870E-007,   1.1195E-006,   5.7799E-008,   9.6028E-008,  
425.883,   1.3978E-006,   2.3113E-007,   1.1308E-006,   5.7848E-008,   9.7185E-008,  
427.911,   1.4057E-006,   2.3233E-007,   1.1433E-006,   5.7871E-008,   9.6415E-008,  
429.939,   1.4103E-006,   2.3213E-007,   1.1472E-006,   5.7898E-008,   9.6875E-008,  
431.967,   1.4097E-006,   2.3187E-007,   1.1483E-006,   5.7239E-008,   9.6956E-008,  
433.995,   1.4104E-006,   2.3115E-007,   1.1603E-006,   5.8460E-008,   9.7678E-008,  
436.023,   1.4151E-006,   2.3180E-007,   1.1697E-006,   5.8923E-008,   9.7873E-008,  
438.051,   1.4157E-006,   2.3241E-007,   1.1710E-006,   5.8374E-008,   9.8054E-008,  
440.079,   1.4247E-006,   2.3304E-007,   1.1727E-006,   5.8830E-008,   9.8623E-008,  
442.107,   1.4294E-006,   2.3383E-007,   1.1819E-006,   5.9406E-008,   9.8731E-008,  
444.135,   1.4211E-006,   2.3374E-007,   1.1958E-006,   5.8976E-008,   9.8982E-008,  
446.163,   1.4317E-006,   2.3503E-007,   1.1913E-006,   5.9670E-008,   9.9395E-008,  
448.191,   1.4322E-006,   2.3323E-007,   1.2035E-006,   5.9024E-008,   9.9746E-008,  
450.219,   1.4391E-006,   2.3485E-007,   1.2121E-006,   5.9885E-008,   9.9615E-008,  
452.247,   1.4370E-006,   2.3335E-007,   1.2181E-006,   5.9901E-008,   1.0014E-007,  
454.275,   1.4400E-006,   2.3538E-007,   1.2213E-006,   5.9629E-008,   1.0019E-007,  
456.303,   1.4353E-006,   2.3631E-007,   1.2309E-006,   5.9786E-008,   1.0105E-007,  
458.331,   1.4484E-006,   2.3449E-007,   1.2341E-006,   6.0788E-008,   1.0020E-007,  
460.359,   1.4526E-006,   2.3681E-007,   1.2477E-006,   6.0092E-008,   1.0119E-007,  
462.387,   1.4486E-006,   2.3631E-007,   1.2519E-006,   6.0618E-008,   1.0124E-007,  
464.415,   1.4494E-006,   2.3705E-007,   1.2515E-006,   6.0978E-008,   1.0111E-007,  
466.443,   1.4448E-006,   2.3636E-007,   1.2566E-006,   6.0869E-008,   1.0563E-007,  
468.471,   1.4191E-006,   2.3610E-007,   1.2672E-006,   6.1044E-008,   1.0166E-007,  
470.499,   1.4578E-006,   2.3684E-007,   1.2675E-006,   6.0947E-008,   1.0249E-007,  
472.527,   1.4516E-006,   2.3656E-007,   1.2682E-006,   6.0718E-008,   1.0257E-007,  
474.555,   1.4568E-006,   2.3688E-007,   1.2820E-006,   6.0851E-008,   1.0247E-007,  
476.583,   1.4564E-006,   2.3693E-007,   1.2839E-006,   6.1130E-008,   1.0248E-007,  
478.611,   1.4636E-006,   2.3787E-007,   1.2909E-006,   6.1270E-008,   1.0326E-007,  
480.639,   1.4600E-006,   2.4944E-007,   1.3610E-006,   6.3088E-008,   1.0218E-007,  
482.667,   1.4561E-006,   2.3668E-007,   1.2942E-006,   6.1320E-008,   1.0298E-007,  
484.695,   1.4460E-006,   2.3709E-007,   1.2990E-006,   6.1237E-008,   1.0313E-007,  
486.723,   1.4511E-006,   2.3564E-007,   1.3091E-006,   6.1369E-008,   1.0405E-007,  
488.751,   1.4643E-006,   2.3607E-007,   1.3019E-006,   6.1798E-008,   1.0400E-007,  
490.779,   1.4701E-006,   2.3556E-007,   1.3106E-006,   6.1797E-008,   1.0422E-007,  
492.807,   1.4643E-006,   2.3716E-007,   1.3143E-006,   6.2494E-008,   1.0415E-007,  
494.835,   1.4744E-006,   2.3725E-007,   1.3192E-006,   6.2344E-008,   1.0462E-007,  
496.863,   1.4735E-006,   2.4000E-007,   1.3289E-006,   6.2618E-008,   1.0478E-007,  
498.891,   1.4828E-006,   2.4075E-007,   1.3405E-006,   6.2369E-008,   1.0508E-007,  
500.919,   1.4847E-006,   2.3979E-007,   1.3399E-006,   6.2962E-008,   1.0524E-007,  
502.947,   1.4836E-006,   2.3974E-007,   1.3421E-006,   6.2611E-008,   1.0523E-007,  
504.975,   1.4868E-006,   2.4065E-007,   1.3529E-006,   6.2465E-008,   1.0609E-007,  
507.003,   1.4989E-006,   2.4348E-007,   1.3556E-006,   6.3038E-008,   1.0600E-007,  
509.031,   1.4948E-006,   2.4160E-007,   1.3651E-006,   6.2959E-008,   1.0615E-007,  
511.059,   1.4940E-006,   2.4119E-007,   1.3640E-006,   6.2936E-008,   1.0573E-007,  
513.087,   1.5003E-006,   2.4136E-007,   1.3652E-006,   6.3415E-008,   1.0574E-007,  
515.115,   1.4930E-006,   2.4139E-007,   1.3760E-006,   6.3125E-008,   1.0649E-007,  
517.143,   1.4952E-006,   2.4184E-007,   1.3790E-006,   6.3665E-008,   1.0644E-007,  
519.171,   1.5071E-006,   2.4199E-007,   1.3823E-006,   6.3494E-008,   1.0703E-007,  
521.199,   1.4994E-006,   2.4138E-007,   1.3834E-006,   6.3287E-008,   1.0701E-007,  
523.227,   1.5058E-006,   2.4250E-007,   1.3826E-006,   6.3923E-008,   1.0719E-007,  
525.255,   1.5008E-006,   2.4349E-007,   1.3912E-006,   6.3600E-008,   1.0690E-007,  
527.283,   1.4995E-006,   2.4195E-007,   1.3951E-006,   6.3472E-008,   1.0763E-007,  
529.311,   1.5091E-006,   2.4361E-007,   1.3932E-006,   6.3876E-008,   1.0747E-007,  
531.339,   1.5081E-006,   2.4182E-007,   1.4046E-006,   6.3661E-008,   1.0790E-007,  
533.367,   1.5014E-006,   2.4054E-007,   1.3970E-006,   6.3604E-008,   1.0726E-007,  
535.395,   1.5034E-006,   2.4164E-007,   1.4109E-006,   6.3970E-008,   1.0690E-007,  
537.423,   1.5144E-006,   2.4299E-007,   1.4107E-006,   6.3529E-008,   1.0811E-007,  
539.451,   1.5137E-006,   2.4213E-007,   1.4153E-006,   6.4132E-008,   1.0805E-007,  
541.479,   1.5104E-006,   2.4568E-007,   1.4167E-006,   6.3427E-008,   1.0743E-007,  
543.507,   1.5071E-006,   2.4254E-007,   1.4201E-006,   6.4003E-008,   1.0775E-007,  
545.535,   1.5058E-006,   2.4029E-007,   1.4194E-006,   6.3781E-008,   1.0761E-007,  
547.563,   1.5056E-006,   2.4241E-007,   1.4275E-006,   6.3962E-008,   1.0845E-007,  
549.591,   1.5176E-006,   2.4138E-007,   1.4264E-006,   6.4401E-008,   1.0783E-007,  
551.619,   1.5106E-006,   2.4169E-007,   1.4261E-006,   6.4333E-008,   1.0773E-007,  
553.647,   1.5087E-006,   2.4105E-007,   1.4273E-006,   6.6235E-008,   1.1134E-007,  
555.675,   1.4758E-006,   2.3812E-007,   1.4214E-006,   6.6741E-008,   1.0868E-007,  
557.704,   1.5011E-006,   2.4071E-007,   1.4370E-006,   6.6048E-008,   1.0845E-007,  
559.732,   1.5070E-006,   2.4306E-007,   1.4331E-006,   6.5504E-008,   1.0900E-007,  
561.760,   1.5040E-006,   2.4126E-007,   1.4354E-006,   6.5814E-008,   1.0756E-007,  
563.788,   1.5269E-006,   2.4204E-007,   1.4363E-006,   6.5562E-008,   1.0793E-007,  
565.816,   1.5267E-006,   2.4367E-007,   1.4415E-006,   6.5325E-008,   1.0820E-007,  
567.844,   1.5352E-006,   2.4370E-007,   1.4431E-006,   6.5375E-008,   1.0877E-007,  
569.872,   1.5197E-006,   2.4354E-007,   1.4475E-006,   6.5313E-008,   1.0845E-007,  
571.900,   1.5207E-006,   2.4417E-007,   1.5166E-006,   6.8361E-008,   1.0886E-007,  
573.928,   1.4990E-006,   2.4021E-007,   1.4525E-006,   6.5281E-008,   1.0760E-007,  
575.956,   1.5092E-006,   2.4193E-007,   1.4335E-006,   6.5006E-008,   1.0831E-007,  
577.984,   1.5136E-006,   2.4335E-007,   1.4493E-006,   6.5367E-008,   1.0827E-007,  
580.012,   1.5068E-006,   2.4104E-007,   1.4464E-006,   6.4445E-008,   1.0786E-007,  
582.040,   1.5162E-006,   2.4247E-007,   1.4499E-006,   6.4666E-008,   1.0862E-007,  
584.068,   1.5135E-006,   2.4262E-007,   1.4451E-006,   6.5244E-008,   1.0799E-007,  
586.096,   1.5197E-006,   2.4326E-007,   1.4601E-006,   6.4673E-008,   1.0908E-007,  
588.124,   1.5153E-006,   2.4313E-007,   1.4592E-006,   6.4635E-008,   1.0838E-007,  
590.152,   1.5090E-006,   2.4194E-007,   1.4510E-006,   6.4477E-008,   1.0907E-007,  
592.180,   1.5118E-006,   2.4102E-007,   1.4568E-006,   6.4162E-008,   1.0773E-007,  
594.208,   1.5105E-006,   2.4174E-007,   1.4476E-006,   6.4618E-008,   1.0892E-007,  
596.236,   1.5137E-006,   2.3958E-007,   1.4514E-006,   6.4538E-008,   1.0849E-007,  
598.264,   1.5206E-006,   2.4099E-007,   1.4611E-006,   6.4184E-008,   1.0824E-007,  
600.292,   1.5186E-006,   2.4303E-007,   1.4516E-006,   6.4444E-008,   1.0817E-007,  
602.320,   1.5210E-006,   2.4104E-007,   1.4655E-006,   6.4490E-008,   1.0799E-007,  
604.348,   1.5359E-006,   2.4392E-007,   1.4552E-006,   6.3887E-008,   1.0857E-007,  
606.376,   1.5217E-006,   2.4237E-007,   1.4600E-006,   6.3928E-008,   1.0805E-007,  
608.404,   1.5191E-006,   2.4252E-007,   1.4501E-006,   6.4622E-008,   1.0847E-007,  
610.432,   1.5141E-006,   2.4215E-007,   1.4541E-006,   6.4284E-008,   1.0796E-007,  
612.460,   1.5097E-006,   2.4179E-007,   1.4546E-006,   6.4226E-008,   1.0777E-007,  
614.488,   1.5224E-006,   2.4323E-007,   1.4580E-006,   6.4525E-008,   1.0739E-007,  
616.516,   1.5196E-006,   2.4292E-007,   1.4559E-006,   6.4634E-008,   1.0798E-007,  
618.544,   1.5190E-006,   2.4262E-007,   1.4567E-006,   6.4047E-008,   1.0817E-007,  
620.572,   1.5158E-006,   2.4149E-007,   1.4564E-006,   6.3936E-008,   1.0812E-007,  
622.600,   1.5260E-006,   2.4210E-007,   1.4582E-006,   6.4415E-008,   1.0810E-007,  
624.628,   1.5138E-006,   2.4194E-007,   1.4536E-006,   6.3950E-008,   1.0745E-007,  
626.656,   1.5166E-006,   2.4360E-007,   1.4526E-006,   6.4354E-008,   1.0820E-007,  
628.684,   1.5116E-006,   2.4043E-007,   1.4538E-006,   6.3515E-008,   1.0706E-007,  
630.712,   1.5211E-006,   2.4152E-007,   1.4571E-006,   6.3793E-008,   1.0746E-007,  
632.740,   1.5181E-006,   2.4073E-007,   1.4565E-006,   6.3677E-008,   1.0748E-007,  
634.768,   1.5125E-006,   2.4070E-007,   1.4557E-006,   6.3948E-008,   1.0758E-007,  
636.796,   1.5193E-006,   2.4135E-007,   1.4541E-006,   6.3577E-008,   1.0702E-007,  
638.824,   1.5098E-006,   2.4103E-007,   1.4551E-006,   6.3451E-008,   1.0738E-007,  
640.852,   1.5202E-006,   2.4197E-007,   1.4552E-006,   6.3641E-008,   1.0674E-007,  
642.880,   1.5173E-006,   2.4113E-007,   1.4609E-006,   6.3750E-008,   1.0752E-007,  
644.908,   1.5195E-006,   2.4108E-007,   1.4553E-006,   6.3586E-008,   1.0724E-007,  
646.936,   1.5201E-006,   2.4113E-007,   1.4529E-006,   6.4078E-008,   1.0645E-007,  
648.964,   1.5078E-006,   2.4210E-007,   1.4523E-006,   6.3817E-008,   1.0702E-007,  
650.992,   1.5076E-006,   2.4209E-007,   1.4505E-006,   6.4111E-008,   1.0606E-007,  
653.020,   1.5220E-006,   2.4710E-007,   1.4616E-006,   6.3005E-008,   1.0508E-007,  
655.048,   1.5049E-006,   2.4022E-007,   1.4427E-006,   6.2789E-008,   1.0695E-007,  
657.076,   1.5110E-006,   2.3967E-007,   1.4480E-006,   6.3520E-008,   1.0656E-007,  
659.104,   1.5105E-006,   2.4104E-007,   1.4484E-006,   6.3285E-008,   1.0633E-007,  
661.132,   1.5110E-006,   2.3923E-007,   1.4486E-006,   6.2980E-008,   1.0650E-007,  
663.160,   1.5056E-006,   2.4021E-007,   1.4420E-006,   6.3384E-008,   1.0626E-007,  
665.188,   1.5079E-006,   2.4082E-007,   1.4440E-006,   6.3405E-008,   1.0610E-007,  
667.216,   1.5004E-006,   2.3934E-007,   1.4388E-006,   6.3086E-008,   1.0589E-007,  
669.244,   1.5033E-006,   2.3865E-007,   1.4383E-006,   6.3097E-008,   1.0586E-007,  
671.272,   1.5078E-006,   2.4102E-007,   1.4411E-006,   6.3163E-008,   1.0634E-007,  
673.300,   1.4931E-006,   2.4077E-007,   1.4363E-006,   6.2948E-008,   1.0594E-007,  
675.328,   1.5034E-006,   2.3781E-007,   1.4323E-006,   6.2773E-008,   1.0554E-007,  
677.356,   1.5056E-006,   2.4888E-007,   1.4845E-006,   6.2867E-008,   1.0401E-007,  
679.384,   1.4799E-006,   2.3825E-007,   1.4486E-006,   6.3245E-008,   1.0521E-007,  
681.412,   1.4955E-006,   2.3943E-007,   1.4369E-006,   6.1556E-008,   1.0437E-007,  
683.440,   1.4968E-006,   2.3789E-007,   1.4296E-006,   6.1871E-008,   1.0533E-007,  
685.468,   1.4842E-006,   2.3602E-007,   1.4258E-006,   6.2446E-008,   1.0574E-007,  
687.496,   1.5005E-006,   2.3804E-007,   1.4284E-006,   6.3016E-008,   1.0557E-007,  
689.524,   1.4949E-006,   2.4000E-007,   1.4278E-006,   6.2974E-008,   1.0549E-007,  
691.552,   1.4971E-006,   2.3799E-007,   1.4256E-006,   6.2475E-008,   1.0611E-007,  
693.580,   1.4990E-006,   2.3941E-007,   1.4159E-006,   6.2298E-008,   1.0526E-007,  
695.608,   1.5031E-006,   2.3759E-007,   1.4220E-006,   6.2706E-008,   1.0507E-007,  
697.636,   1.5010E-006,   2.3857E-007,   1.4186E-006,   6.2884E-008,   1.0453E-007,  
699.664,   1.4996E-006,   2.3792E-007,   1.4173E-006,   6.2643E-008,   1.0478E-007,  
701.692,   1.4984E-006,   2.3778E-007,   1.4199E-006,   6.2175E-008,   1.0478E-007,  
703.720,   1.4884E-006,   2.3627E-007,   1.4093E-006,   6.2388E-008,   1.0428E-007,  
705.748,   1.4848E-006,   2.3847E-007,   1.4188E-006,   6.1581E-008,   1.0415E-007,  
707.776,   1.4844E-006,   2.3738E-007,   1.4062E-006,   6.2421E-008,   1.0457E-007,  
709.804,   1.4863E-006,   2.3849E-007,   1.4040E-006,   6.2325E-008,   1.0409E-007,  
711.832,   1.4831E-006,   2.3635E-007,   1.4071E-006,   6.2000E-008,   1.0408E-007,  
713.861,   1.4854E-006,   2.3687E-007,   1.4116E-006,   6.1954E-008,   1.0414E-007,  
715.889,   1.4879E-006,   2.3713E-007,   1.4067E-006,   6.1499E-008,   1.0393E-007,  
717.917,   1.4872E-006,   2.3851E-007,   1.4072E-006,   6.1810E-008,   1.0404E-007,  
719.945,   1.4843E-006,   2.3713E-007,   1.4020E-006,   6.1613E-008,   1.0376E-007,  
721.973,   1.4805E-006,   2.3722E-007,   1.4093E-006,   6.1786E-008,   1.0383E-007,  
724.001,   1.4769E-006,   2.3699E-007,   1.4000E-006,   6.1367E-008,   1.0329E-007,  
726.029,   1.4268E-006,   2.3485E-007,   1.3935E-006,   5.6152E-008,   1.0499E-007,  
728.057,   1.4453E-006,   2.4239E-007,   1.4208E-006,   6.6398E-008,   1.0413E-007,  
730.085,   1.5101E-006,   2.3752E-007,   1.3991E-006,   6.2739E-008,   1.0303E-007,  
732.113,   1.4820E-006,   2.3683E-007,   1.3939E-006,   6.1948E-008,   1.0298E-007,  
734.141,   1.4827E-006,   2.3691E-007,   1.3921E-006,   6.1946E-008,   1.0383E-007,  
736.169,   1.4816E-006,   2.3590E-007,   1.3940E-006,   6.1267E-008,   1.0343E-007,  
738.197,   1.4855E-006,   2.3715E-007,   1.3965E-006,   6.1811E-008,   1.0353E-007,  
740.225,   1.4801E-006,   2.3657E-007,   1.3880E-006,   6.1973E-008,   1.0293E-007,  
742.253,   1.4755E-006,   2.3634E-007,   1.3888E-006,   6.1064E-008,   1.0272E-007,  
744.281,   1.4870E-006,   2.3560E-007,   1.3867E-006,   6.1873E-008,   1.0284E-007,  
746.309,   1.4827E-006,   2.3560E-007,   1.3824E-006,   6.1442E-008,   1.0268E-007,  
748.337,   1.4736E-006,   2.3433E-007,   1.3776E-006,   6.1419E-008,   1.0312E-007,  
750.365,   1.4703E-006,   2.4113E-007,   1.4002E-006,   6.0784E-008,   1.0152E-007,  
752.393,   1.4826E-006,   2.3637E-007,   1.3795E-006,   6.1307E-008,   1.0251E-007,  
754.421,   1.4765E-006,   2.3520E-007,   1.3777E-006,   6.0881E-008,   1.0289E-007,  
756.449,   1.4802E-006,   2.3502E-007,   1.3757E-006,   6.1125E-008,   1.0216E-007,  
758.477,   1.4726E-006,   2.3566E-007,   1.3705E-006,   6.0944E-008,   1.0276E-007,  
760.505,   1.4742E-006,   2.3581E-007,   1.3718E-006,   6.0889E-008,   1.0191E-007,  
762.533,   1.4696E-006,   2.3537E-007,   1.3681E-006,   6.0876E-008,   1.0157E-007,  
764.561,   1.4716E-006,   2.3597E-007,   1.3725E-006,   6.0372E-008,   1.0188E-007,  
766.589,   1.4623E-006,   2.3591E-007,   1.3672E-006,   6.1028E-008,   1.0128E-007,  
768.617,   1.4663E-006,   2.3502E-007,   1.3669E-006,   6.0663E-008,   1.0191E-007,  
770.645,   1.4677E-006,   2.3473E-007,   1.3601E-006,   6.0453E-008,   1.0161E-007,  
772.673,   1.4720E-006,   2.3562E-007,   1.3618E-006,   6.0417E-008,   1.0183E-007,  
774.701,   1.4725E-006,   2.3558E-007,   1.3613E-006,   6.0743E-008,   1.0160E-007,  
776.729,   1.4729E-006,   2.3436E-007,   1.3564E-006,   6.0550E-008,   1.0193E-007,  
778.757,   1.4531E-006,   2.2967E-007,   1.3398E-006,   6.0070E-008,   1.0090E-007,  
780.785,   1.4711E-006,   2.3624E-007,   1.3499E-006,   6.0207E-008,   1.0125E-007,  
782.813,   1.4710E-006,   2.3417E-007,   1.3333E-006,   5.9571E-008,   1.0106E-007,  
784.841,   1.4663E-006,   2.3569E-007,   1.3455E-006,   6.0551E-008,   1.0111E-007,  
786.869,   1.4587E-006,   2.3531E-007,   1.3455E-006,   6.0305E-008,   1.0113E-007,  
788.897,   1.4669E-006,   2.3548E-007,   1.3484E-006,   6.0278E-008,   1.0035E-007,  
790.925,   1.4650E-006,   2.3443E-007,   1.3469E-006,   6.0452E-008,   1.0076E-007,  
792.953,   1.4654E-006,   2.3676E-007,   1.3498E-006,   5.9899E-008,   1.0127E-007,  
794.981,   1.4535E-006,   2.3364E-007,   1.3396E-006,   6.0193E-008,   1.0040E-007,  
797.009,   1.4593E-006,   2.3370E-007,   1.3408E-006,   6.0154E-008,   1.0010E-007,  
799.037,   1.4645E-006,   2.3335E-007,   1.3398E-006,   5.9717E-008,   1.0020E-007,  
801.065,   1.4546E-006,   2.3405E-007,   1.3338E-006,   6.0374E-008,   1.0022E-007,  
803.093,   1.4540E-006,   2.3388E-007,   1.3323E-006,   5.9982E-008,   1.0062E-007,  
805.121,   1.4497E-006,   2.3254E-007,   1.3348E-006,   6.0094E-008,   1.0120E-007,  
807.149,   1.4549E-006,   2.3404E-007,   1.3306E-006,   5.9962E-008,   9.9895E-008,  
809.177,   1.4615E-006,   2.3346E-007,   1.3253E-006,   5.9908E-008,   9.9942E-008,  
811.205,   1.4608E-006,   2.3314E-007,   1.3274E-006,   5.9694E-008,   9.9857E-008,  
813.233,   1.4528E-006,   2.3298E-007,   1.3182E-006,   5.9921E-008,   9.9583E-008,  
815.261,   1.4532E-006,   2.3571E-007,   1.3189E-006,   5.9219E-008,   9.8571E-008,  
817.289,   1.4535E-006,   2.3350E-007,   1.3175E-006,   5.9490E-008,   9.9392E-008,  
819.317,   1.4502E-006,   2.3336E-007,   1.3214E-006,   5.9595E-008,   9.8896E-008,  
821.345,   1.4492E-006,   2.3281E-007,   1.3122E-006,   5.9690E-008,   9.8919E-008,  
823.373,   1.4520E-006,   2.3459E-007,   1.3060E-006,   5.9725E-008,   9.9304E-008,  
825.401,   1.4478E-006,   2.3329E-007,   1.3162E-006,   5.9506E-008,   9.8889E-008,  
827.429,   1.4434E-006,   2.3275E-007,   1.3122E-006,   5.9147E-008,   9.8887E-008,  
829.457,   1.4488E-006,   2.3303E-007,   1.3101E-006,   5.8768E-008,   9.9058E-008,  
831.485,   1.4453E-006,   2.3232E-007,   1.3073E-006,   5.9334E-008,   9.8893E-008,  
833.513,   1.4450E-006,   2.3226E-007,   1.2989E-006,   5.9247E-008,   9.9246E-008,  
835.541,   1.4449E-006,   2.3327E-007,   1.3010E-006,   5.9201E-008,   9.8893E-008,  
837.569,   1.4488E-006,   2.3136E-007,   1.3005E-006,   5.8977E-008,   9.9177E-008,  
839.597,   1.4386E-006,   2.3272E-007,   1.2996E-006,   5.8752E-008,   9.8113E-008,  
841.625,   1.4356E-006,   2.3243E-007,   1.2921E-006,   5.9424E-008,   9.8058E-008,  
843.653,   1.4404E-006,   2.3067E-007,   1.2873E-006,   5.8849E-008,   9.7757E-008,  
845.681,   1.4409E-006,   2.3054E-007,   1.2871E-006,   5.8729E-008,   9.7890E-008,  
847.709,   1.4337E-006,   2.3143E-007,   1.2871E-006,   5.8600E-008,   9.7773E-008,  
849.737,   1.4350E-006,   2.3198E-007,   1.2879E-006,   5.8750E-008,   9.7981E-008,  
851.765,   1.4377E-006,   2.3099E-007,   1.2862E-006,   5.8524E-008,   9.7654E-008,  
853.793,   1.4331E-006,   2.3005E-007,   1.2795E-006,   5.8376E-008,   9.7339E-008,  
855.821,   1.4320E-006,   2.3115E-007,   1.2745E-006,   5.8443E-008,   9.8054E-008,  
857.849,   1.4278E-006,   2.3114E-007,   1.2776E-006,   5.8353E-008,   9.7402E-008,  
859.877,   1.4328E-006,   2.3003E-007,   1.2764E-006,   5.8072E-008,   9.6786E-008,  
861.905,   1.4387E-006,   2.3168E-007,   1.2746E-006,   5.8125E-008,   9.6676E-008,  
863.933,   1.4267E-006,   2.3446E-007,   1.2725E-006,   5.7414E-008,   9.6032E-008,  
865.961,   1.4363E-006,   2.3258E-007,   1.2659E-006,   5.8469E-008,   9.7592E-008,  
867.989,   1.4257E-006,   2.3191E-007,   1.2621E-006,   5.7922E-008,   9.7112E-008,  
870.018,   1.4283E-006,   2.3096E-007,   1.2624E-006,   5.8041E-008,   9.6932E-008,  
872.046,   1.4233E-006,   2.3048E-007,   1.2604E-006,   5.7679E-008,   9.6068E-008,  
874.074,   1.4334E-006,   2.3068E-007,   1.2611E-006,   5.8100E-008,   9.6426E-008,  
876.102,   1.4222E-006,   2.2965E-007,   1.2545E-006,   5.7838E-008,   9.6275E-008,  
878.130,   1.4211E-006,   2.2898E-007,   1.2543E-006,   5.7544E-008,   9.6455E-008,  
880.158,   1.4197E-006,   2.2970E-007,   1.2598E-006,   5.7568E-008,   9.6071E-008,  
882.186,   1.4226E-006,   2.2900E-007,   1.2482E-006,   5.8004E-008,   9.6270E-008,  
884.214,   1.4162E-006,   2.2865E-007,   1.2452E-006,   5.7429E-008,   9.6083E-008,  
886.242,   1.4155E-006,   2.2926E-007,   1.2466E-006,   5.7062E-008,   9.5960E-008,  
888.270,   1.4182E-006,   2.2819E-007,   1.2448E-006,   5.7337E-008,   9.7571E-008,  
890.298,   1.3885E-006,   2.2717E-007,   1.2422E-006,   5.7289E-008,   9.5871E-008,  
892.326,   1.4133E-006,   2.2799E-007,   1.2435E-006,   5.7530E-008,   9.5870E-008,  
894.354,   1.4165E-006,   2.2996E-007,   1.2410E-006,   5.7245E-008,   9.5531E-008,  
896.382,   1.4220E-006,   2.3006E-007,   1.2398E-006,   5.7259E-008,   9.5061E-008,  
898.410,   1.4129E-006,   2.2922E-007,   1.2335E-006,   5.7265E-008,   9.5642E-008,  
900.438,   1.4089E-006,   2.2860E-007,   1.2347E-006,   5.6853E-008,   9.5383E-008,  
902.466,   1.4123E-006,   2.2925E-007,   1.2294E-006,   5.7353E-008,   9.5314E-008,  
904.494,   1.4141E-006,   2.2850E-007,   1.2228E-006,   5.6998E-008,   9.5019E-008,  
906.522,   1.4151E-006,   2.2704E-007,   1.2199E-006,   5.6912E-008,   9.5012E-008,  
908.550,   1.4135E-006,   2.2896E-007,   1.2215E-006,   5.6891E-008,   9.5323E-008,  
910.578,   1.4175E-006,   2.2998E-007,   1.2262E-006,   5.7057E-008,   9.4983E-008,  
912.606,   1.4080E-006,   2.2745E-007,   1.2215E-006,   5.7141E-008,   9.4586E-008,  
914.634,   1.4083E-006,   2.2727E-007,   1.2157E-006,   5.6786E-008,   9.5136E-008,  
916.662,   1.4071E-006,   2.2794E-007,   1.2156E-006,   5.6492E-008,   9.3846E-008,  
918.690,   1.4064E-006,   2.2736E-007,   1.2072E-006,   5.6603E-008,   9.4779E-008,  
920.718,   1.4040E-006,   2.2717E-007,   1.2070E-006,   5.6814E-008,   9.3633E-008,  
922.746,   1.4002E-006,   2.2708E-007,   1.2112E-006,   5.6508E-008,   9.4054E-008,  
924.774,   1.3987E-006,   2.2683E-007,   1.2042E-006,   5.6423E-008,   9.4328E-008,  
926.802,   1.3973E-006,   2.2623E-007,   1.2062E-006,   5.6350E-008,   9.3931E-008,  
928.830,   1.4004E-006,   2.2699E-007,   1.1999E-006,   5.6346E-008,   9.3725E-008,  
930.858,   1.3969E-006,   2.2738E-007,   1.1972E-006,   5.6523E-008,   9.3687E-008,  
932.886,   1.4004E-006,   2.2929E-007,   1.1984E-006,   5.6918E-008,   9.3891E-008,  
934.914,   1.4008E-006,   2.2647E-007,   1.1989E-006,   5.6353E-008,   9.6871E-008,  
936.942,   1.3568E-006,   2.2352E-007,   1.1910E-006,   5.6926E-008,   9.3663E-008,  
938.970,   1.3801E-006,   2.2525E-007,   1.1847E-006,   5.8108E-008,   9.4223E-008,  
940.998,   1.3926E-006,   2.2741E-007,   1.1942E-006,   5.8305E-008,   9.3096E-008,  
943.026,   1.4051E-006,   2.2713E-007,   1.1912E-006,   5.7717E-008,   9.3786E-008,  
945.054,   1.4000E-006,   2.2789E-007,   1.1909E-006,   5.7939E-008,   9.3468E-008,  
947.082,   1.3991E-006,   2.2800E-007,   1.1861E-006,   5.8286E-008,   9.2903E-008,  
949.110,   1.4016E-006,   2.2755E-007,   1.1869E-006,   5.8149E-008,   9.3270E-008,  
951.138,   1.3857E-006,   2.2741E-007,   1.1809E-006,   5.7146E-008,   9.3182E-008,  
953.166,   1.3910E-006,   2.2697E-007,   1.1780E-006,   5.7004E-008,   9.2622E-008,  
955.194,   1.3870E-006,   2.2657E-007,   1.1805E-006,   5.6860E-008,   9.3036E-008,  
957.222,   1.3871E-006,   2.2495E-007,   1.1749E-006,   5.6656E-008,   9.3187E-008,  
959.250,   1.3807E-006,   2.2639E-007,   1.1784E-006,   5.6561E-008,   9.2701E-008,  
961.278,   1.3848E-006,   2.2630E-007,   1.1721E-006,   5.6100E-008,   9.2188E-008,  
963.306,   1.3868E-006,   2.2723E-007,   1.1727E-006,   5.6094E-008,   9.2615E-008,  
965.334,   1.3791E-006,   2.2540E-007,   1.1634E-006,   5.6273E-008,   9.2207E-008,  
967.362,   1.3895E-006,   2.2653E-007,   1.1699E-006,   5.6288E-008,   9.1809E-008,  
969.390,   1.3938E-006,   2.2615E-007,   1.1676E-006,   5.5633E-008,   9.2130E-008,  
971.418,   1.3786E-006,   2.2551E-007,   1.1655E-006,   5.5787E-008,   9.1824E-008,  
973.446,   1.3778E-006,   2.2552E-007,   1.1619E-006,   5.5435E-008,   9.1543E-008,  
975.474,   1.3772E-006,   2.2454E-007,   1.1562E-006,   5.5798E-008,   9.2075E-008,  
977.502,   1.3836E-006,   2.2596E-007,   1.1573E-006,   5.5721E-008,   9.1576E-008,  
979.530,   1.3850E-006,   2.2456E-007,   1.1581E-006,   5.5638E-008,   9.2010E-008,  
981.558,   1.3694E-006,   2.2451E-007,   1.1540E-006,   5.5213E-008,   9.2294E-008,  
983.586,   1.3733E-006,   2.2608E-007,   1.1545E-006,   5.5375E-008,   9.1542E-008,  
985.614,   1.3749E-006,   2.2527E-007,   1.1543E-006,   5.5209E-008,   9.1464E-008,  
987.642,   1.3770E-006,   2.2620E-007,   1.1567E-006,   5.4620E-008,   9.1889E-008,  
989.670,   1.3802E-006,   2.2425E-007,   1.1454E-006,   5.5391E-008,   9.1681E-008,  
991.698,   1.3734E-006,   2.2362E-007,   1.1460E-006,   5.4914E-008,   9.1137E-008,  
993.726,   1.3740E-006,   2.2570E-007,   1.1402E-006,   5.4458E-008,   9.0350E-008,  
995.754,   1.3721E-006,   2.2498E-007,   1.1351E-006,   5.5341E-008,   9.1283E-008,  
997.782,   1.3715E-006,   2.2483E-007,   1.1324E-006,   5.5014E-008,   9.0864E-008,  
999.810,   1.3670E-006,   2.2351E-007,   1.1435E-006,   5.4682E-008,   9.1367E-008,  
1001.838,   1.3690E-006,   2.2584E-007,   1.1320E-006,   5.4633E-008,   9.0917E-008,  
1003.866,   1.3657E-006,   2.2310E-007,   1.1332E-006,   5.5306E-008,   9.1157E-008,  
1005.894,   1.3755E-006,   2.2309E-007,   1.1269E-006,   5.4766E-008,   9.1071E-008,  
1007.922,   1.3735E-006,   2.2480E-007,   1.1325E-006,   5.4526E-008,   9.0889E-008,  
1009.950,   1.3681E-006,   2.2291E-007,   1.1237E-006,   5.4610E-008,   9.0812E-008,  
1011.978,   1.3685E-006,   2.2380E-007,   1.1243E-006,   5.5102E-008,   9.0878E-008,  
1014.006,   1.3631E-006,   2.2316E-007,   1.1208E-006,   5.4804E-008,   9.0897E-008,  
1016.034,   1.3673E-006,   2.2421E-007,   1.1257E-006,   5.4673E-008,   9.0726E-008,  
1018.062,   1.3588E-006,   2.2476E-007,   1.1209E-006,   5.4488E-008,   9.0040E-008,  
1020.090,   1.3668E-006,   2.2295E-007,   1.1243E-006,   5.4583E-008,   8.9480E-008,  
1022.118,   1.3565E-006,   2.2239E-007,   1.1115E-006,   5.4300E-008,   9.0053E-008,  
1024.146,   1.3646E-006,   2.2253E-007,   1.1148E-006,   5.4398E-008,   9.0891E-008,  
1026.175,   1.3577E-006,   2.2225E-007,   1.1117E-006,   5.4701E-008,   8.9710E-008,  
1028.203,   1.3611E-006,   2.2250E-007,   1.1115E-006,   5.4448E-008,   8.9677E-008,  
1030.231,   1.3602E-006,   2.2235E-007,   1.1117E-006,   5.4107E-008,   9.0413E-008,  
1032.259,   1.3597E-006,   2.2256E-007,   1.1104E-006,   5.3873E-008,   8.9877E-008,  
1034.287,   1.3564E-006,   2.2373E-007,   1.1107E-006,   5.4141E-008,   8.9985E-008,  
1036.315,   1.3555E-006,   2.2308E-007,   1.1026E-006,   5.3698E-008,   8.9438E-008,  
1038.343,   1.3574E-006,   2.2139E-007,   1.1037E-006,   5.3963E-008,   8.9480E-008,  
1040.371,   1.3531E-006,   2.2268E-007,   1.0990E-006,   5.4160E-008,   8.9774E-008,  
1042.399,   1.3573E-006,   2.2333E-007,   1.1000E-006,   5.3971E-008,   8.9679E-008,  
1044.427,   1.3617E-006,   2.2258E-007,   1.1000E-006,   5.4193E-008,   9.0028E-008,  
1046.455,   1.3482E-006,   2.2171E-007,   1.0938E-006,   5.4290E-008,   8.8692E-008,  
1048.483,   1.3551E-006,   2.2272E-007,   1.0935E-006,   5.4008E-008,   8.9398E-008,  
1050.511,   1.3529E-006,   2.2190E-007,   1.0937E-006,   5.3709E-008,   8.8462E-008,  
1052.539,   1.3515E-006,   2.2377E-007,   1.0890E-006,   5.4248E-008,   8.8964E-008,  
1054.567,   1.3609E-006,   2.2403E-007,   1.0912E-006,   5.4083E-008,   8.9638E-008,  
1056.595,   1.3556E-006,   2.2314E-007,   1.0916E-006,   5.3853E-008,   8.9246E-008,  
1058.623,   1.3529E-006,   2.2217E-007,   1.0804E-006,   5.3748E-008,   8.8732E-008,  
1060.651,   1.3485E-006,   2.2145E-007,   1.0860E-006,   5.4171E-008,   8.8846E-008,  
1062.679,   1.3520E-006,   2.2248E-007,   1.0861E-006,   5.3709E-008,   8.9060E-008,  
1064.707,   1.3476E-006,   2.2361E-007,   1.0821E-006,   5.3474E-008,   8.8682E-008,  
1066.735,   1.3510E-006,   2.2241E-007,   1.0870E-006,   5.3932E-008,   8.8164E-008,  
1068.763,   1.3499E-006,   2.2342E-007,   1.0813E-006,   5.3736E-008,   8.8394E-008,  
1070.791,   1.3501E-006,   2.2330E-007,   1.0791E-006,   5.3639E-008,   8.8677E-008,  
1072.819,   1.3507E-006,   2.2193E-007,   1.0731E-006,   5.3917E-008,   8.9005E-008,  
1074.847,   1.3564E-006,   2.2167E-007,   1.0753E-006,   5.4076E-008,   8.8851E-008,  
1076.875,   1.3493E-006,   2.2173E-007,   1.0726E-006,   5.4075E-008,   8.9183E-008,  
1078.903,   1.3448E-006,   2.2267E-007,   1.0753E-006,   5.3373E-008,   8.8713E-008,  
1080.931,   1.3504E-006,   2.2215E-007,   1.0740E-006,   5.3859E-008,   8.8366E-008,  
1082.959,   1.3465E-006,   2.2137E-007,   1.0732E-006,   5.3369E-008,   8.8204E-008,  
1084.987,   1.3411E-006,   2.2072E-007,   1.0649E-006,   5.3470E-008,   8.8408E-008,  
1087.015,   1.3417E-006,   2.2152E-007,   1.0658E-006,   5.3300E-008,   8.8528E-008,  
1089.043,   1.3413E-006,   2.1970E-007,   1.0614E-006,   5.3633E-008,   8.7862E-008,  
1091.071,   1.3499E-006,   2.2091E-007,   1.0675E-006,   5.3321E-008,   8.7875E-008,  
1093.099,   1.3412E-006,   2.2047E-007,   1.0663E-006,   5.3179E-008,   8.8096E-008,  
1095.127,   1.3416E-006,   2.2088E-007,   1.0612E-006,   5.3193E-008,   8.8282E-008,  
1097.155,   1.3399E-006,   2.1974E-007,   1.0580E-006,   5.2969E-008,   8.8107E-008,  
1099.183,   1.3379E-006,   2.2123E-007,   1.0601E-006,   5.3467E-008,   8.7205E-008,  
1101.211,   1.3451E-006,   2.2115E-007,   1.0555E-006,   5.2386E-008,   8.7277E-008,  
1103.239,   1.3370E-006,   2.2126E-007,   1.0504E-006,   5.2965E-008,   8.7173E-008,  
1105.267,   1.3432E-006,   2.2111E-007,   1.0484E-006,   5.2560E-008,   8.7260E-008,  
1107.295,   1.3353E-006,   2.2175E-007,   1.0496E-006,   5.3376E-008,   8.7315E-008,  
1109.323,   1.3384E-006,   2.2110E-007,   1.0516E-006,   5.3223E-008,   8.7777E-008,  
1111.351,   1.3377E-006,   2.2018E-007,   1.0495E-006,   5.3122E-008,   8.7519E-008,  
1113.379,   1.3335E-006,   2.2186E-007,   1.0456E-006,   5.2790E-008,   8.7567E-008,  
1115.407,   1.3389E-006,   2.1951E-007,   1.0433E-006,   5.3346E-008,   8.7210E-008,  
1117.435,   1.3326E-006,   2.2138E-007,   1.0422E-006,   5.2701E-008,   8.7745E-008,  
1119.463,   1.3385E-006,   2.2094E-007,   1.0396E-006,   5.3052E-008,   8.7195E-008,  
1121.491,   1.3316E-006,   2.2031E-007,   1.0396E-006,   5.3143E-008,   8.7267E-008,  
1123.519,   1.3449E-006,   2.2072E-007,   1.0442E-006,   5.2968E-008,   8.7164E-008,  
1125.547,   1.3402E-006,   2.1940E-007,   1.0422E-006,   5.2814E-008,   8.6601E-008,  
1127.575,   1.3344E-006,   2.2052E-007,   1.0339E-006,   5.2868E-008,   8.7115E-008,  
1129.603,   1.3324E-006,   2.2057E-007,   1.0383E-006,   5.2924E-008,   8.6826E-008,  
1131.631,   1.3362E-006,   2.1983E-007,   1.0360E-006,   5.2809E-008,   8.7400E-008,  
1133.659,   1.3359E-006,   2.1925E-007,   1.0352E-006,   5.3125E-008,   8.7481E-008,  
1135.687,   1.3328E-006,   2.2153E-007,   1.0316E-006,   5.2725E-008,   8.7140E-008,  
1137.715,   1.3462E-006,   2.2291E-007,   1.0609E-006,   5.3425E-008,   8.5883E-008,  
1139.743,   1.3391E-006,   2.2221E-007,   1.0411E-006,   5.3182E-008,   8.7360E-008,  
1141.771,   1.3310E-006,   2.1932E-007,   1.0303E-006,   5.2463E-008,   8.6588E-008,  
1143.799,   1.3290E-006,   2.1954E-007,   1.0278E-006,   5.2634E-008,   8.6929E-008,  
1145.827,   1.3306E-006,   2.2011E-007,   1.0275E-006,   5.2661E-008,   8.6450E-008,  
1147.855,   1.3294E-006,   2.1849E-007,   1.0267E-006,   5.2283E-008,   8.6395E-008,  
1149.883,   1.3289E-006,   2.1882E-007,   1.0290E-006,   5.2454E-008,   8.6454E-008,  
1151.911,   1.3321E-006,   2.1828E-007,   1.0194E-006,   5.2367E-008,   8.6180E-008,  
1153.939,   1.3246E-006,   2.1990E-007,   1.0210E-006,   5.2253E-008,   8.6051E-008,  
1155.967,   1.3265E-006,   2.2043E-007,   1.0202E-006,   5.2560E-008,   8.6241E-008,  
1157.995,   1.3298E-006,   2.1886E-007,   1.0120E-006,   5.2345E-008,   8.6390E-008,  
1160.023,   1.3188E-006,   2.1826E-007,   1.0172E-006,   5.2451E-008,   8.5907E-008,  
1162.051,   1.3295E-006,   2.1853E-007,   1.0200E-006,   5.2291E-008,   8.5940E-008,  
1164.079,   1.3323E-006,   2.1859E-007,   1.0111E-006,   5.1967E-008,   8.6008E-008,  
1166.107,   1.3292E-006,   2.1833E-007,   1.0114E-006,   5.2012E-008,   8.6497E-008,  
1168.135,   1.3266E-006,   2.1999E-007,   1.0078E-006,   5.2004E-008,   8.5595E-008,  
1170.163,   1.3314E-006,   2.2007E-007,   1.0089E-006,   5.1970E-008,   8.6309E-008,  
1172.191,   1.3269E-006,   2.1908E-007,   1.0106E-006,   5.2139E-008,   8.6702E-008,  
1174.219,   1.3285E-006,   2.1971E-007,   1.0079E-006,   5.2339E-008,   8.5913E-008,  
1176.247,   1.3244E-006,   2.1912E-007,   1.0060E-006,   5.2006E-008,   8.6277E-008,  
1178.275,   1.3315E-006,   2.2024E-007,   1.0050E-006,   5.2173E-008,   8.5796E-008,  
1180.303,   1.3288E-006,   2.2158E-007,   1.0043E-006,   5.2113E-008,   8.6361E-008,  
1182.332,   1.3302E-006,   2.2179E-007,   1.0039E-006,   5.2084E-008,   8.6623E-008,  
1184.360,   1.3282E-006,   2.2189E-007,   9.9994E-007,   5.2028E-008,   8.5793E-008,  
1186.388,   1.3350E-006,   2.2167E-007,   1.0006E-006,   5.2082E-008,   8.5955E-008,  
1188.416,   1.3267E-006,   2.2069E-007,   1.0021E-006,   5.2169E-008,   8.5875E-008,  
1190.444,   1.3263E-006,   2.2099E-007,   9.9830E-007,   5.1882E-008,   8.5946E-008,  
1192.472,   1.3306E-006,   2.2046E-007,   1.0019E-006,   5.1514E-008,   8.5930E-008,  
1194.500,   1.3205E-006,   2.2070E-007,   9.9252E-007,   5.2010E-008,   8.5637E-008,  
1196.528,   1.3283E-006,   2.2121E-007,   9.9399E-007,   5.2019E-008,   8.5024E-008,  
1198.556,   1.3256E-006,   2.1932E-007,   9.9551E-007,   5.1876E-008,   8.5329E-008,  
1200.584,   1.3215E-006,   2.1972E-007,   9.9356E-007,   5.1974E-008,   8.5832E-008,  
1202.612,   1.3151E-006,   2.1867E-007,   9.9290E-007,   5.1691E-008,   8.5392E-008,  
1204.640,   1.3260E-006,   2.1992E-007,   9.9546E-007,   5.1915E-008,   8.5843E-008,  
1206.668,   1.3240E-006,   2.1840E-007,   9.9320E-007,   5.1282E-008,   8.5155E-008,  
1208.696,   1.3218E-006,   2.2023E-007,   9.9408E-007,   5.1948E-008,   8.6037E-008,  
1210.724,   1.3143E-006,   2.1892E-007,   9.8589E-007,   5.1346E-008,   8.5649E-008,  
1212.752,   1.3209E-006,   2.2101E-007,   9.8871E-007,   5.2029E-008,   8.5348E-008,  
1214.780,   1.3191E-006,   2.2120E-007,   9.8309E-007,   5.1681E-008,   8.5593E-008,  
1216.808,   1.3198E-006,   2.2178E-007,   9.8392E-007,   5.2066E-008,   8.5323E-008,  
1218.836,   1.3199E-006,   2.2011E-007,   9.8734E-007,   5.1554E-008,   8.5221E-008,  
1220.864,   1.3209E-006,   2.2005E-007,   9.8867E-007,   5.1367E-008,   8.5056E-008,  
1222.892,   1.3241E-006,   2.1903E-007,   9.7971E-007,   5.1158E-008,   8.5345E-008,  
1224.920,   1.3195E-006,   2.1926E-007,   9.7817E-007,   5.1209E-008,   8.5245E-008,  
1226.948,   1.3254E-006,   2.1965E-007,   9.8063E-007,   5.1512E-008,   8.5624E-008,  
1228.976,   1.3145E-006,   2.1904E-007,   9.8309E-007,   5.1473E-008,   8.5072E-008,  
1231.004,   1.3194E-006,   2.1943E-007,   9.7629E-007,   5.1213E-008,   8.5028E-008,  
1233.032,   1.3231E-006,   2.2085E-007,   9.7704E-007,   5.1389E-008,   8.4968E-008,  
1235.060,   1.3218E-006,   2.1995E-007,   9.7433E-007,   5.1058E-008,   8.5790E-008,  
1237.088,   1.3134E-006,   2.1967E-007,   9.7028E-007,   5.1454E-008,   8.5391E-008,  
1239.116,   1.3194E-006,   2.1873E-007,   9.7613E-007,   5.1426E-008,   8.5736E-008,  
1241.144,   1.3242E-006,   2.1882E-007,   9.7650E-007,   5.1227E-008,   8.5047E-008,  
1243.172,   1.3194E-006,   2.1850E-007,   9.7320E-007,   5.1497E-008,   8.5279E-008,  
1245.200,   1.3129E-006,   2.1877E-007,   9.6876E-007,   5.1554E-008,   8.5450E-008,  
1247.228,   1.3197E-006,   2.1841E-007,   9.7025E-007,   5.1136E-008,   8.5099E-008,  
1249.256,   1.3154E-006,   2.2013E-007,   9.6574E-007,   5.1419E-008,   8.4597E-008,  
1251.284,   1.3198E-006,   2.2235E-007,   9.6469E-007,   5.1332E-008,   8.5204E-008,  
1253.312,   1.3257E-006,   2.2032E-007,   9.6733E-007,   5.1377E-008,   8.5428E-008,  
1255.340,   1.3227E-006,   2.1943E-007,   9.6375E-007,   5.1474E-008,   8.4533E-008,  
1257.368,   1.3260E-006,   2.2003E-007,   9.6314E-007,   5.1246E-008,   8.4842E-008,  
1259.396,   1.3270E-006,   2.1950E-007,   9.6410E-007,   5.1377E-008,   8.5535E-008,  
1261.424,   1.3135E-006,   2.1981E-007,   9.6621E-007,   5.1574E-008,   8.4618E-008,  
1263.452,   1.3212E-006,   2.1875E-007,   9.5841E-007,   5.0739E-008,   8.5040E-008,  
1265.480,   1.3141E-006,   2.1906E-007,   9.6155E-007,   5.1240E-008,   8.4722E-008,  
1267.508,   1.3220E-006,   2.1825E-007,   9.5444E-007,   5.1171E-008,   8.4425E-008,  
1269.536,   1.3155E-006,   2.2094E-007,   9.5278E-007,   5.0948E-008,   8.4006E-008,  
1271.564,   1.3191E-006,   2.1993E-007,   9.5248E-007,   5.0935E-008,   8.4406E-008,  
1273.592,   1.3224E-006,   2.1912E-007,   9.5463E-007,   5.0852E-008,   8.4390E-008,  
1275.620,   1.3223E-006,   2.1905E-007,   9.5506E-007,   5.1321E-008,   8.4527E-008,  
1277.648,   1.3150E-006,   2.1949E-007,   9.5107E-007,   5.1456E-008,   8.3940E-008,  
1279.676,   1.3109E-006,   2.1881E-007,   9.5027E-007,   5.0413E-008,   8.4381E-008,  
1281.704,   1.3118E-006,   2.1909E-007,   9.4941E-007,   5.0456E-008,   8.4752E-008,  
1283.732,   1.3164E-006,   2.2025E-007,   9.5133E-007,   5.1137E-008,   8.4214E-008,  
1285.760,   1.3127E-006,   2.1985E-007,   9.4965E-007,   5.1184E-008,   8.4123E-008,  
1287.788,   1.3136E-006,   2.2082E-007,   9.4593E-007,   5.1126E-008,   8.4579E-008,  
1289.816,   1.3173E-006,   2.2068E-007,   9.4814E-007,   5.1052E-008,   8.4085E-008,  
1291.844,   1.3155E-006,   2.1780E-007,   9.6602E-007,   5.2085E-008,   8.4636E-008,  
1293.872,   1.3140E-006,   2.2211E-007,   9.5332E-007,   5.1268E-008,   8.4388E-008,  
1295.900,   1.3179E-006,   2.2055E-007,   9.4826E-007,   5.0732E-008,   8.5369E-008,  
1297.928,   1.3196E-006,   2.1988E-007,   9.4426E-007,   5.0589E-008,   8.4360E-008,  
1299.956,   1.3146E-006,   2.2083E-007,   9.4547E-007,   5.0693E-008,   8.4150E-008,  
1301.984,   1.3137E-006,   2.1942E-007,   9.4204E-007,   5.0423E-008,   8.4254E-008,  
1304.012,   1.3157E-006,   2.1898E-007,   9.4261E-007,   5.0729E-008,   8.3890E-008,  
1306.040,   1.3163E-006,   2.1850E-007,   9.3748E-007,   5.0306E-008,   8.3885E-008,  
1308.068,   1.3118E-006,   2.1870E-007,   9.3791E-007,   5.0842E-008,   8.3946E-008,  
1310.096,   1.3074E-006,   2.1934E-007,   9.4179E-007,   5.1129E-008,   8.4600E-008,  
1312.124,   1.3100E-006,   2.1984E-007,   9.3829E-007,   5.0841E-008,   8.3877E-008,  
1314.152,   1.3127E-006,   2.1970E-007,   9.3444E-007,   5.0335E-008,   8.4023E-008,  
1316.180,   1.3189E-006,   2.2000E-007,   9.3495E-007,   5.2089E-008,   8.4286E-008,  
1318.208,   1.3101E-006,   2.2047E-007,   9.3172E-007,   5.2686E-008,   8.4688E-008,  
1320.236,   1.3167E-006,   2.1905E-007,   9.3152E-007,   5.2771E-008,   8.4260E-008,  
1322.264,   1.3094E-006,   2.1952E-007,   9.3149E-007,   5.2535E-008,   8.4837E-008,  
1324.292,   1.3095E-006,   2.1881E-007,   9.2802E-007,   5.2172E-008,   8.4424E-008,  
1326.320,   1.3051E-006,   2.2052E-007,   9.3380E-007,   5.2636E-008,   8.4442E-008,  
1328.348,   1.3099E-006,   2.1841E-007,   9.2858E-007,   5.2110E-008,   8.4120E-008,  
1330.376,   1.3147E-006,   2.1881E-007,   9.3311E-007,   5.2036E-008,   8.3801E-008,  
1332.404,   1.3107E-006,   2.1870E-007,   9.2634E-007,   5.0800E-008,   8.3736E-008,  
1334.432,   1.3139E-006,   2.1899E-007,   9.2756E-007,   5.1643E-008,   8.3882E-008,  
1336.460,   1.3107E-006,   2.2032E-007,   9.2395E-007,   5.1540E-008,   8.3452E-008,  
1338.489,   1.3106E-006,   2.1884E-007,   9.2650E-007,   5.1282E-008,   8.3130E-008,  
1340.517,   1.3135E-006,   2.2158E-007,   9.2451E-007,   5.1107E-008,   8.3888E-008,  
1342.545,   1.3076E-006,   2.2015E-007,   9.1925E-007,   5.0771E-008,   8.3472E-008,  
1344.573,   1.3175E-006,   2.2044E-007,   9.2156E-007,   5.0483E-008,   8.3856E-008,  
1346.601,   1.3098E-006,   2.1920E-007,   9.2334E-007,   5.0931E-008,   8.3597E-008,  
1348.629,   1.3109E-006,   2.1979E-007,   9.1675E-007,   5.0376E-008,   8.3950E-008,  
1350.657,   1.3115E-006,   2.1822E-007,   9.1881E-007,   5.0718E-008,   8.3911E-008,  
1352.685,   1.3159E-006,   2.2039E-007,   9.2022E-007,   5.0786E-008,   8.3560E-008,  
1354.713,   1.3151E-006,   2.1921E-007,   9.1593E-007,   5.0542E-008,   8.3021E-008,  
1356.741,   1.3052E-006,   2.2109E-007,   9.1678E-007,   5.0155E-008,   8.3665E-008,  
1358.769,   1.3070E-006,   2.1887E-007,   9.1616E-007,   5.0683E-008,   8.3331E-008,  
1360.797,   1.3163E-006,   2.1938E-007,   9.1417E-007,   5.0234E-008,   8.3791E-008,  
1362.825,   1.3082E-006,   2.1829E-007,   9.1784E-007,   5.0407E-008,   8.3671E-008,  
1364.853,   1.2983E-006,   2.1886E-007,   9.1403E-007,   5.0393E-008,   8.3953E-008,  
1366.881,   1.3065E-006,   2.1934E-007,   9.1451E-007,   5.0679E-008,   8.3990E-008,  
1368.909,   1.3162E-006,   2.1903E-007,   9.1323E-007,   5.0159E-008,   8.3867E-008,  
1370.937,   1.3184E-006,   2.1913E-007,   9.1502E-007,   4.9873E-008,   8.4287E-008,  
1372.965,   1.3159E-006,   2.1950E-007,   9.1026E-007,   5.0659E-008,   8.3772E-008,  
1374.993,   1.3143E-006,   2.2039E-007,   9.0970E-007,   5.0681E-008,   8.3540E-008,  
1377.021,   1.3068E-006,   2.2058E-007,   9.0862E-007,   5.0485E-008,   8.3645E-008,  
1379.049,   1.3116E-006,   2.1961E-007,   9.1110E-007,   5.0287E-008,   8.3604E-008,  
1381.077,   1.3074E-006,   2.1979E-007,   9.0719E-007,   5.0062E-008,   8.3786E-008,  
1383.105,   1.3094E-006,   2.1937E-007,   9.0880E-007,   5.0214E-008,   8.3908E-008,  
1385.133,   1.3076E-006,   2.2028E-007,   9.1103E-007,   5.0271E-008,   8.3394E-008,  
1387.161,   1.3107E-006,   2.1816E-007,   9.0772E-007,   4.9967E-008,   8.4042E-008,  
1389.189,   1.3118E-006,   2.2026E-007,   9.0666E-007,   5.0394E-008,   8.3603E-008,  
1391.217,   1.3101E-006,   2.1940E-007,   8.9991E-007,   5.0324E-008,   8.3608E-008,  
1393.245,   1.3057E-006,   2.2078E-007,   9.0705E-007,   5.0824E-008,   8.3552E-008,  
1395.273,   1.3068E-006,   2.1899E-007,   9.0734E-007,   5.0307E-008,   8.2941E-008,  
1397.301,   1.3082E-006,   2.2156E-007,   9.0203E-007,   5.0665E-008,   8.3611E-008,  
1399.329,   1.3075E-006,   2.1873E-007,   9.0112E-007,   5.0385E-008,   8.3456E-008,  
1401.357,   1.3094E-006,   2.2078E-007,   8.9848E-007,   5.0081E-008,   8.4017E-008,  
1403.385,   1.3069E-006,   2.2010E-007,   9.0334E-007,   5.0177E-008,   8.3570E-008,  
1405.413,   1.3048E-006,   2.1911E-007,   8.9752E-007,   5.0320E-008,   8.3417E-008,  
1407.441,   1.3119E-006,   2.1955E-007,   8.9340E-007,   5.0203E-008,   8.3188E-008,  
1409.469,   1.3067E-006,   2.2093E-007,   8.9469E-007,   4.9894E-008,   8.3513E-008,  
1411.497,   1.3144E-006,   2.1975E-007,   8.9439E-007,   5.0244E-008,   8.3711E-008,  
1413.525,   1.3036E-006,   2.2042E-007,   8.9371E-007,   5.0050E-008,   8.3299E-008,  
1415.553,   1.3097E-006,   2.1937E-007,   8.9564E-007,   4.9964E-008,   8.2814E-008,  
1417.581,   1.3106E-006,   2.1950E-007,   8.9237E-007,   5.0001E-008,   8.3227E-008,  
1419.609,   1.3021E-006,   2.2038E-007,   8.8855E-007,   4.9796E-008,   8.3088E-008,  
1421.637,   1.3124E-006,   2.1960E-007,   8.8975E-007,   5.0183E-008,   8.2675E-008,  
1423.665,   1.3066E-006,   2.1927E-007,   8.8861E-007,   4.9719E-008,   8.3116E-008,  
1425.693,   1.3063E-006,   2.1993E-007,   8.8895E-007,   4.9796E-008,   8.3053E-008,  
1427.721,   1.3064E-006,   2.1920E-007,   8.8763E-007,   4.9776E-008,   8.3316E-008,  
1429.749,   1.2988E-006,   2.1965E-007,   8.8931E-007,   4.9660E-008,   8.2756E-008,  
1431.777,   1.3035E-006,   2.1901E-007,   8.8767E-007,   4.9883E-008,   8.3350E-008,  
1433.805,   1.3056E-006,   2.1870E-007,   8.8917E-007,   5.0028E-008,   8.2936E-008,  
1435.833,   1.3093E-006,   2.1972E-007,   8.8448E-007,   5.0242E-008,   8.3395E-008,  
1437.861,   1.3009E-006,   2.1877E-007,   8.8427E-007,   4.9245E-008,   8.3132E-008,  
1439.889,   1.3040E-006,   2.2107E-007,   8.8170E-007,   5.0012E-008,   8.2978E-008,  
1441.917,   1.3036E-006,   2.2008E-007,   8.8350E-007,   4.9675E-008,   8.2778E-008,  
1443.945,   1.2959E-006,   2.1931E-007,   8.8451E-007,   4.9503E-008,   8.2729E-008,  
1445.973,   1.2995E-006,   2.2023E-007,   8.8167E-007,   4.9407E-008,   8.3239E-008,  
1448.001,   1.3018E-006,   2.1906E-007,   8.8249E-007,   4.9978E-008,   8.3034E-008,  
1450.029,   1.3050E-006,   2.1825E-007,   8.7355E-007,   4.9436E-008,   8.3076E-008,  
1452.057,   1.3008E-006,   2.1981E-007,   8.7945E-007,   4.9940E-008,   8.2883E-008,  
1454.085,   1.3047E-006,   2.1936E-007,   8.7587E-007,   4.9634E-008,   8.3205E-008,  
1456.113,   1.3015E-006,   2.1889E-007,   8.7742E-007,   4.9261E-008,   8.2870E-008,  
1458.141,   1.3014E-006,   2.2152E-007,   8.7369E-007,   4.9645E-008,   8.2558E-008,  
1460.169,   1.2939E-006,   2.1929E-007,   8.7692E-007,   4.9030E-008,   8.2728E-008,  
1462.197,   1.3004E-006,   2.1893E-007,   8.7387E-007,   4.9490E-008,   8.2357E-008,  
1464.225,   1.3082E-006,   2.1798E-007,   8.7747E-007,   4.9491E-008,   8.2341E-008,  
1466.253,   1.2974E-006,   2.1865E-007,   8.7460E-007,   4.9843E-008,   8.2360E-008,  
1468.281,   1.3029E-006,   2.2051E-007,   8.7350E-007,   4.9449E-008,   8.2425E-008,  
1470.309,   1.2940E-006,   2.1958E-007,   8.7236E-007,   4.9383E-008,   8.2552E-008,  
1472.337,   1.3049E-006,   2.1968E-007,   8.7003E-007,   4.9371E-008,   8.2598E-008,  
1474.365,   1.3058E-006,   2.1962E-007,   8.7005E-007,   4.9745E-008,   8.2264E-008,  
1476.393,   1.3016E-006,   2.1971E-007,   8.7232E-007,   4.9569E-008,   8.2318E-008,  
1478.421,   1.2963E-006,   2.2012E-007,   8.7017E-007,   4.9755E-008,   8.2323E-008,  
1480.449,   1.3030E-006,   2.1926E-007,   8.9504E-007,   5.0291E-008,   8.2320E-008,  
1482.477,   1.2975E-006,   2.1979E-007,   8.7213E-007,   4.9549E-008,   8.3214E-008,  
1484.505,   1.2824E-006,   2.1412E-007,   8.5512E-007,   4.8940E-008,   8.2845E-008,  
1486.533,   1.3011E-006,   2.2091E-007,   8.7425E-007,   4.9666E-008,   8.2928E-008,  
1488.561,   1.3037E-006,   2.2038E-007,   8.6838E-007,   4.9642E-008,   8.2184E-008,  
1490.589,   1.3001E-006,   2.2064E-007,   8.6376E-007,   4.9557E-008,   8.2483E-008,  
1492.617,   1.3046E-006,   2.2013E-007,   8.6809E-007,   4.9319E-008,   8.2284E-008,  
1494.646,   1.2977E-006,   2.1887E-007,   8.6385E-007,   4.9569E-008,   8.2601E-008,  
1496.674,   1.3030E-006,   2.1857E-007,   8.5965E-007,   4.9207E-008,   8.2250E-008,  
1498.702,   1.2960E-006,   2.2105E-007,   8.6205E-007,   4.9688E-008,   8.2184E-008,  
1500.730,   1.2954E-006,   2.1954E-007,   8.6093E-007,   4.9229E-008,   8.2520E-008,  
1502.758,   1.2985E-006,   2.1927E-007,   8.6389E-007,   4.9615E-008,   8.2493E-008,  
1504.786,   1.3024E-006,   2.1900E-007,   8.5829E-007,   4.9152E-008,   8.2688E-008,  
1506.814,   1.2995E-006,   2.2012E-007,   8.6026E-007,   4.9531E-008,   8.2659E-008,  
1508.842,   1.3002E-006,   2.1899E-007,   8.5874E-007,   4.9581E-008,   8.1689E-008,  
1510.870,   1.2983E-006,   2.1879E-007,   8.6083E-007,   4.9549E-008,   8.1917E-008,  
1512.898,   1.3048E-006,   2.2023E-007,   8.6009E-007,   4.8850E-008,   8.2208E-008,  
1514.926,   1.3023E-006,   2.2049E-007,   8.6081E-007,   4.9086E-008,   8.2530E-008,  
1516.954,   1.2979E-006,   2.2005E-007,   8.5639E-007,   4.9813E-008,   8.2545E-008,  
1518.982,   1.3011E-006,   2.2003E-007,   8.5962E-007,   4.9750E-008,   8.2407E-008,  
1521.010,   1.3070E-006,   2.1994E-007,   8.5969E-007,   4.9261E-008,   8.2855E-008,  
1523.038,   1.3078E-006,   2.2022E-007,   8.5955E-007,   4.9494E-008,   8.2533E-008,  
1525.066,   1.3036E-006,   2.2105E-007,   8.5656E-007,   4.8745E-008,   8.2266E-008,  
1527.094,   1.2999E-006,   2.2091E-007,   8.5788E-007,   4.9309E-008,   8.2832E-008,  
1529.122,   1.3069E-006,   2.2104E-007,   8.5923E-007,   4.9049E-008,   8.2504E-008,  
1531.150,   1.3070E-006,   2.2019E-007,   8.5189E-007,   4.9335E-008,   8.2183E-008,  
1533.178,   1.3082E-006,   2.2141E-007,   8.5558E-007,   4.9596E-008,   8.2049E-008,  
1535.206,   1.3040E-006,   2.2069E-007,   8.5328E-007,   4.9586E-008,   8.2423E-008,  
1537.234,   1.3118E-006,   2.2044E-007,   8.5430E-007,   4.9339E-008,   8.1803E-008,  
1539.262,   1.2948E-006,   2.2010E-007,   8.5148E-007,   4.9324E-008,   8.2248E-008,  
1541.290,   1.3035E-006,   2.2076E-007,   8.4946E-007,   4.9024E-008,   8.1531E-008,  
1543.318,   1.3064E-006,   2.1958E-007,   8.5012E-007,   4.9190E-008,   8.2594E-008,  
1545.346,   1.3000E-006,   2.1868E-007,   8.5038E-007,   4.9090E-008,   8.3003E-008,  
1547.374,   1.2970E-006,   2.1995E-007,   8.4989E-007,   4.9294E-008,   8.2314E-008,  
1549.402,   1.3022E-006,   2.1988E-007,   8.5136E-007,   4.9306E-008,   8.2840E-008,  
1551.430,   1.3040E-006,   2.2055E-007,   8.4669E-007,   4.9414E-008,   8.2487E-008,  
1553.458,   1.2996E-006,   2.1954E-007,   8.5093E-007,   4.8917E-008,   8.1812E-008,  
1555.486,   1.3048E-006,   2.1955E-007,   8.4368E-007,   4.8996E-008,   8.1905E-008,  
1557.514,   1.3042E-006,   2.1880E-007,   8.4756E-007,   4.9203E-008,   8.2065E-008,  
1559.542,   1.3032E-006,   2.2083E-007,   8.4614E-007,   4.9226E-008,   8.2596E-008,  
1561.570,   1.3017E-006,   2.2054E-007,   8.4684E-007,   4.9248E-008,   8.2079E-008,  
1563.598,   1.3126E-006,   2.1995E-007,   8.4480E-007,   4.9485E-008,   8.1682E-008,  
1565.626,   1.3057E-006,   2.2132E-007,   8.4322E-007,   4.9599E-008,   8.2351E-008,  
1567.654,   1.2960E-006,   2.2086E-007,   8.4696E-007,   4.9175E-008,   8.2206E-008,  
1569.682,   1.3069E-006,   2.2136E-007,   8.4772E-007,   4.9063E-008,   8.2691E-008,  
1571.710,   1.3063E-006,   2.1866E-007,   8.4303E-007,   4.8992E-008,   8.2460E-008,  
1573.738,   1.2948E-006,   2.2094E-007,   8.4409E-007,   4.9238E-008,   8.2452E-008,  
1575.766,   1.2973E-006,   2.1880E-007,   8.4518E-007,   4.9014E-008,   8.1638E-008,  
1577.794,   1.2978E-006,   2.1940E-007,   8.4171E-007,   4.9481E-008,   8.2736E-008,  
1579.822,   1.3066E-006,   2.2131E-007,   8.4012E-007,   4.8989E-008,   8.2028E-008,  
1581.850,   1.2966E-006,   2.2108E-007,   8.3935E-007,   4.8989E-008,   8.2609E-008,  
1583.878,   1.2941E-006,   2.2005E-007,   8.3815E-007,   4.9129E-008,   8.1939E-008,  
1585.906,   1.2943E-006,   2.1994E-007,   8.3899E-007,   4.9024E-008,   8.1212E-008,  
1587.934,   1.3038E-006,   2.1963E-007,   8.3998E-007,   4.9328E-008,   8.1975E-008,  
1589.962,   1.2999E-006,   2.1854E-007,   8.3915E-007,   4.9380E-008,   8.2018E-008,  
1591.990,   1.3044E-006,   2.2067E-007,   8.4389E-007,   4.9080E-008,   8.2497E-008,  
1594.018,   1.3065E-006,   2.2092E-007,   8.3437E-007,   4.9281E-008,   8.2461E-008,  
1596.046,   1.2976E-006,   2.2018E-007,   8.3559E-007,   4.9154E-008,   8.2082E-008,  
1598.074,   1.2972E-006,   2.2043E-007,   8.3771E-007,   4.8882E-008,   8.2421E-008,  
1600.102,   1.3067E-006,   2.2068E-007,   8.3389E-007,   4.9238E-008,   8.1809E-008,  
1602.130,   1.3034E-006,   2.2189E-007,   8.3858E-007,   4.8955E-008,   8.1883E-008,  
1604.158,   1.3046E-006,   2.2056E-007,   8.3922E-007,   4.8948E-008,   8.2732E-008,  
1606.186,   1.2997E-006,   2.2061E-007,   8.3926E-007,   4.8729E-008,   8.2282E-008,  
1608.214,   1.3051E-006,   2.1981E-007,   8.3001E-007,   4.9441E-008,   8.1701E-008,  
1610.242,   1.3067E-006,   2.1894E-007,   8.3980E-007,   4.8880E-008,   8.2043E-008,  
1612.270,   1.3015E-006,   2.1977E-007,   8.3208E-007,   4.8777E-008,   8.1483E-008,  
1614.298,   1.3011E-006,   2.2027E-007,   8.3535E-007,   4.8714E-008,   8.2390E-008,  
1616.326,   1.3004E-006,   2.2139E-007,   8.2767E-007,   4.8850E-008,   8.2139E-008,  
1618.354,   1.3044E-006,   2.2051E-007,   8.3048E-007,   4.9193E-008,   8.2031E-008,  
1620.382,   1.3095E-006,   2.2110E-007,   8.3052E-007,   4.8773E-008,   8.1706E-008,  
1622.410,   1.3059E-006,   2.2217E-007,   8.3413E-007,   4.8620E-008,   8.2671E-008,  
1624.438,   1.3027E-006,   2.2091E-007,   8.3083E-007,   4.8835E-008,   8.2486E-008,  
1626.466,   1.3015E-006,   2.2013E-007,   8.3454E-007,   4.8809E-008,   8.2091E-008,  
1628.494,   1.3002E-006,   2.2101E-007,   8.2811E-007,   4.8994E-008,   8.1973E-008,  
1630.522,   1.2979E-006,   2.2087E-007,   8.2892E-007,   4.8309E-008,   8.1977E-008,  
1632.550,   1.2987E-006,   2.1920E-007,   8.2969E-007,   4.9020E-008,   8.1937E-008,  
1634.578,   1.2963E-006,   2.1991E-007,   8.2911E-007,   4.8866E-008,   8.1915E-008,  
1636.606,   1.3036E-006,   2.2090E-007,   8.2828E-007,   4.8731E-008,   8.1961E-008,  
1638.634,   1.3073E-006,   2.2014E-007,   8.3068E-007,   4.9367E-008,   8.2205E-008,  
1640.662,   1.2988E-006,   2.1985E-007,   8.3005E-007,   4.9042E-008,   8.1302E-008,  
1642.690,   1.2898E-006,   2.2021E-007,   8.3267E-007,   4.9002E-008,   8.2136E-008,  
1644.718,   1.2983E-006,   2.2154E-007,   8.2583E-007,   4.8850E-008,   8.2077E-008,  
1646.746,   1.2989E-006,   2.2110E-007,   8.2633E-007,   4.8556E-008,   8.2034E-008,  
1648.774,   1.3049E-006,   2.1927E-007,   8.2422E-007,   4.9168E-008,   8.2149E-008,  
1650.803,   1.3018E-006,   2.2014E-007,   8.2333E-007,   4.8758E-008,   8.2259E-008,  
1652.831,   1.3050E-006,   2.2000E-007,   8.2509E-007,   4.9079E-008,   8.1526E-008,  
1654.859,   1.3113E-006,   2.2097E-007,   8.2422E-007,   4.8926E-008,   8.1816E-008,  
1656.887,   1.3034E-006,   2.2014E-007,   8.2269E-007,   4.8553E-008,   8.2330E-008,  
1658.915,   1.3016E-006,   2.2056E-007,   8.2363E-007,   4.8484E-008,   8.1706E-008,  
1660.943,   1.3041E-006,   2.2085E-007,   8.2422E-007,   4.8788E-008,   8.1873E-008,  
1662.971,   1.3012E-006,   2.2167E-007,   8.1491E-007,   4.8647E-008,   8.1851E-008,  
1664.999,   1.3081E-006,   2.2135E-007,   8.2274E-007,   4.8778E-008,   8.1841E-008,  
1667.027,   1.3030E-006,   2.2028E-007,   8.2390E-007,   4.8827E-008,   8.2147E-008,  
1669.055,   1.3036E-006,   2.1992E-007,   8.2143E-007,   4.8800E-008,   8.1966E-008,  
1671.083,   1.3011E-006,   2.2068E-007,   8.2376E-007,   4.8536E-008,   8.1743E-008,  
1673.111,   1.3055E-006,   2.2036E-007,   8.2255E-007,   4.8616E-008,   8.2095E-008,  
1675.139,   1.2962E-006,   2.2042E-007,   8.1756E-007,   4.8445E-008,   8.1171E-008,  
1677.167,   1.2971E-006,   2.2007E-007,   8.1955E-007,   4.8597E-008,   8.2252E-008,  
1679.195,   1.2989E-006,   2.2024E-007,   8.1662E-007,   4.8392E-008,   8.1730E-008,  
1681.223,   1.3062E-006,   2.2076E-007,   8.1610E-007,   4.8453E-008,   8.2004E-008,  
1683.251,   1.3047E-006,   2.2203E-007,   8.1991E-007,   4.8613E-008,   8.1996E-008,  
1685.279,   1.3021E-006,   2.2268E-007,   8.2559E-007,   4.8273E-008,   7.9807E-008,  
1687.307,   1.3095E-006,   2.2189E-007,   8.1582E-007,   4.8985E-008,   8.1834E-008,  
1689.335,   1.3046E-006,   2.1999E-007,   8.1813E-007,   4.8967E-008,   8.1440E-008,  
1691.363,   1.3031E-006,   2.1994E-007,   8.1547E-007,   4.8697E-008,   8.1579E-008,  
1693.391,   1.3026E-006,   2.2037E-007,   8.1630E-007,   4.8807E-008,   8.0881E-008,  
1695.419,   1.2986E-006,   2.2017E-007,   8.1294E-007,   4.9360E-008,   8.1039E-008,  
1697.447,   1.2963E-006,   2.2128E-007,   8.1252E-007,   4.8631E-008,   8.1745E-008,  
1699.475,   1.3045E-006,   2.1985E-007,   8.1906E-007,   4.8379E-008,   8.2004E-008,  
1701.503,   1.3060E-006,   2.2122E-007,   8.1228E-007,   4.8914E-008,   8.2023E-008,  
1703.531,   1.2922E-006,   2.2154E-007,   8.1280E-007,   4.9641E-008,   8.2243E-008,  
1705.559,   1.2993E-006,   2.2126E-007,   8.1183E-007,   5.0919E-008,   8.1280E-008,  
1707.587,   1.3050E-006,   2.2111E-007,   8.1859E-007,   5.0516E-008,   8.1934E-008,  
1709.615,   1.3036E-006,   2.2196E-007,   8.1147E-007,   5.0539E-008,   8.1529E-008,  
1711.643,   1.2966E-006,   2.2054E-007,   8.1121E-007,   5.0366E-008,   8.1394E-008,  
1713.671,   1.2960E-006,   2.2124E-007,   8.1425E-007,   4.9682E-008,   8.1647E-008,  
1715.699,   1.3033E-006,   2.2142E-007,   8.0978E-007,   4.9588E-008,   8.1204E-008,  
1717.727,   1.3036E-006,   2.1961E-007,   8.1790E-007,   4.9278E-008,   8.1440E-008,  
1719.755,   1.3077E-006,   2.2093E-007,   8.1143E-007,   5.0033E-008,   8.1186E-008,  
1721.783,   1.3092E-006,   2.2158E-007,   8.1192E-007,   4.9834E-008,   8.2293E-008,  
1723.811,   1.2981E-006,   2.2154E-007,   8.0749E-007,   4.9673E-008,   8.2218E-008,  
1725.839,   1.3055E-006,   2.2214E-007,   8.1207E-007,   4.9635E-008,   8.1778E-008,  
1727.867,   1.3026E-006,   2.2158E-007,   8.1270E-007,   4.9702E-008,   8.1602E-008,  
1729.895,   1.3061E-006,   2.2156E-007,   8.1167E-007,   4.9343E-008,   8.1772E-008,  
1731.923,   1.3034E-006,   2.2125E-007,   8.0549E-007,   4.9524E-008,   8.1458E-008,  
1733.951,   1.2957E-006,   2.2150E-007,   8.1060E-007,   4.9195E-008,   8.1812E-008,  
1735.979,   1.3026E-006,   2.2183E-007,   8.0814E-007,   4.8744E-008,   8.1508E-008,  
1738.007,   1.3018E-006,   2.2052E-007,   8.1188E-007,   4.9149E-008,   8.1903E-008,  
1740.035,   1.3043E-006,   2.1995E-007,   8.1180E-007,   4.8771E-008,   8.1778E-008,  
1742.063,   1.3062E-006,   2.2204E-007,   8.1047E-007,   4.8859E-008,   8.2004E-008,  
1744.091,   1.3045E-006,   2.2345E-007,   8.1097E-007,   4.8930E-008,   8.1648E-008,  
1746.119,   1.3091E-006,   2.2209E-007,   8.0871E-007,   4.8822E-008,   8.1244E-008,  
1748.147,   1.3037E-006,   2.2137E-007,   8.0750E-007,   4.8332E-008,   8.1766E-008,  
1750.175,   1.2953E-006,   2.2072E-007,   8.0979E-007,   4.9000E-008,   8.1588E-008,  
1752.203,   1.3032E-006,   2.2090E-007,   8.0548E-007,   4.8346E-008,   8.1752E-008,  
1754.231,   1.3051E-006,   2.2406E-007,   8.3245E-007,   5.0088E-008,   8.0718E-008,  
1756.259,   1.2907E-006,   2.2223E-007,   8.0219E-007,   4.7961E-008,   8.0542E-008,  
1758.287,   1.3032E-006,   2.2158E-007,   8.0436E-007,   4.8850E-008,   8.1949E-008,  
1760.315,   1.3023E-006,   2.2218E-007,   8.0735E-007,   4.8696E-008,   8.1294E-008,  
1762.343,   1.3069E-006,   2.2084E-007,   8.0908E-007,   4.8891E-008,   8.1739E-008,  
1764.371,   1.3067E-006,   2.2169E-007,   8.0396E-007,   4.8533E-008,   8.1473E-008,  
1766.399,   1.3061E-006,   2.2149E-007,   8.0001E-007,   4.8259E-008,   8.1508E-008,  
1768.427,   1.2984E-006,   2.2193E-007,   8.0064E-007,   4.8103E-008,   8.1681E-008,  
1770.455,   1.2975E-006,   2.2171E-007,   8.0332E-007,   4.8535E-008,   8.1470E-008,  
1772.483,   1.3033E-006,   2.2134E-007,   8.0038E-007,   4.8433E-008,   8.1215E-008,  
1774.511,   1.3054E-006,   2.2177E-007,   8.0362E-007,   4.8626E-008,   8.1823E-008,  
1776.539,   1.3119E-006,   2.2169E-007,   7.9970E-007,   4.8703E-008,   8.1417E-008,  
1778.567,   1.3016E-006,   2.2251E-007,   7.9848E-007,   4.8508E-008,   8.1846E-008,  
1780.595,   1.3066E-006,   2.2201E-007,   8.0140E-007,   4.8706E-008,   8.0951E-008,  
1782.623,   1.2990E-006,   2.2015E-007,   7.9979E-007,   4.8451E-008,   8.1421E-008,  
1784.651,   1.2962E-006,   2.2266E-007,   8.0672E-007,   4.8269E-008,   8.1518E-008,  
1786.679,   1.3006E-006,   2.2205E-007,   7.9714E-007,   4.8325E-008,   8.1657E-008,  
1788.707,   1.3101E-006,   2.2230E-007,   8.0400E-007,   4.8538E-008,   8.1695E-008,  
1790.735,   1.3047E-006,   2.2236E-007,   8.0101E-007,   4.8698E-008,   8.1812E-008,  
1792.763,   1.3035E-006,   2.2243E-007,   7.9901E-007,   4.8455E-008,   8.2019E-008,  
1794.791,   1.3012E-006,   2.2143E-007,   8.0087E-007,   4.8284E-008,   8.1624E-008,  
1796.819,   1.3019E-006,   2.2114E-007,   7.9779E-007,   4.8516E-008,   8.1039E-008,  
1798.847,   1.3082E-006,   2.2076E-007,   7.9529E-007,   4.8314E-008,   8.1713E-008,  
1800.875,   1.3018E-006,   2.2214E-007,   7.9832E-007,   4.8665E-008,   8.1338E-008,  
