178.76000000	0.00000000
179.14000000	0.00000000
179.52000000	0.00000000
179.90000000	0.00000000
180.28000000	0.00000000
180.66000000	0.00000000
181.04000000	0.00000000
181.42000000	0.00000000
181.80000000	0.00000000
182.18000000	0.00000000
182.55000000	0.00000000
182.93000000	0.00000000
183.31000000	0.00000000
183.69000000	0.00000000
184.07000000	0.00000000
184.45000000	0.00000000
184.83000000	0.00000000
185.21000000	0.00000000
185.59000000	0.00000000
185.97000000	0.00000000
186.35000000	0.00000000
186.72000000	0.00000000
187.10000000	0.00000000
187.48000000	0.00000000
187.86000000	0.00000000
188.24000000	0.00000000
188.62000000	283105022831.04968262
189.00000000	292630820931.34875488
189.38000000	473436893203.88348389
189.75000000	453603268945.02258301
190.13000000	443874954561.97686768
190.51000000	709134873723.80480957
190.89000000	260135690789.47387695
191.27000000	166574512901.52703857
191.65000000	470633319887.05017090
192.03000000	427586206896.55145264
192.40000000	299265477439.66436768
192.78000000	332691746864.97467041
193.16000000	378541464988.70538330
193.54000000	288629169710.25091553
193.92000000	342676258992.80572510
194.30000000	501812052254.52972412
194.67000000	374652338811.63128662
195.05000000	410196348604.89251709
195.43000000	447232472324.72326660
195.81000000	495015698587.12683105
196.19000000	340431848852.90148926
196.56000000	501910067648.23065186
196.94000000	597303473491.77282715
197.32000000	315414922432.89801025
197.70000000	477947761194.02984619
198.08000000	421626069782.75158691
198.45000000	595941632466.93981934
198.83000000	488662467580.58605957
199.21000000	594988610478.35986328
199.59000000	320852963054.79779053
199.97000000	400619195046.43963623
200.34000000	550800821355.23608398
200.72000000	494360486546.25927734
201.10000000	263650248186.33056641
201.48000000	385485186191.89941406
201.85000000	728931451612.90454102
202.23000000	500757054370.26855469
202.61000000	561008468052.34753418
202.99000000	252701307639.36691284
203.36000000	575547024952.01635742
203.74000000	447319347319.34637451
204.12000000	614015748031.49609375
204.49000000	584996249062.26672363
204.87000000	465394775462.28375244
205.25000000	598060836501.90112305
205.63000000	679572649572.64953613
206.00000000	685431034482.75732422
206.38000000	491508857666.46221924
206.76000000	460299519638.31640625
207.14000000	698841698841.69909668
207.51000000	768848542761.58557129
207.89000000	401330376940.13250732
208.27000000	694797687861.27221680
208.64000000	800570884871.54980469
209.02000000	698257261410.78710938
209.40000000	526899696048.63220215
209.77000000	584062059238.36413574
210.15000000	224525951557.09341431
210.53000000	581482834185.53649902
210.90000000	300278189910.97882080
211.28000000	489667458432.30377197
211.66000000	302827763496.14373779
212.03000000	420537328855.59246826
212.41000000	554376478540.04711914
212.79000000	501958384332.92504883
213.16000000	519936608557.84545898
213.54000000	406106870229.00726318
213.92000000	416980172852.05938721
214.29000000	468686296715.74145508
214.67000000	448642108093.57342529
215.05000000	422588897416.21936035
215.42000000	294711366081.03253174
215.80000000	376954826874.56976318
216.17000000	392453276555.47644043
216.55000000	327561214495.59252930
216.93000000	360473707083.87634277
217.30000000	294753921038.39923096
217.68000000	348094528422.39739990
218.05000000	326738609112.71008301
218.43000000	301988477978.07104492
218.81000000	296695271133.83221436
219.18000000	214549775547.92697144
219.56000000	302126879354.60205078
219.93000000	261674718196.45733643
220.31000000	274428912376.40646362
220.69000000	268169627891.38433838
221.06000000	241892096116.06457520
221.44000000	231548480463.09695435
221.81000000	245813489015.20983887
222.19000000	254777070063.69409180
222.56000000	242652167346.32232666
222.94000000	207657365347.17715454
223.32000000	200841708542.71356201
223.69000000	207461718141.70779419
224.07000000	188374837719.81585693
224.44000000	173396287854.11914062
224.82000000	187790422000.94842529
225.19000000	164847138474.55831909
225.57000000	166859406788.73532104
225.94000000	168117854001.75903320
226.32000000	155229565575.45816040
226.69000000	125605997501.04122925
227.07000000	144823232323.23226929
227.44000000	155478224190.65701294
227.82000000	136576930267.33966064
228.19000000	135500324584.99487305
228.57000000	129300884955.75221252
228.94000000	109407323518.30879211
229.32000000	117027940328.03106689
229.69000000	114720853195.44317627
230.07000000	124367171761.40844727
230.44000000	121259020954.69960022
230.82000000	103094619666.04823303
231.19000000	104040251191.64714050
231.57000000	122711047653.04302979
231.94000000	113585504342.01737976
232.32000000	85419152276.29513550
232.69000000	103042328042.32798767
233.07000000	99104277076.95747375
233.44000000	99483582549.71481323
233.82000000	92628228315.12695312
234.19000000	92229997835.65402222
234.57000000	81411195312.99751282
234.94000000	91444921316.16595459
235.31000000	87934021761.72987366
235.69000000	89693199491.02217102
236.06000000	84425520590.77903748
236.44000000	82746570023.29795837
236.81000000	88272120200.33386230
237.19000000	81997932282.24349976
237.56000000	73829281030.58088684
237.93000000	91281829952.52482605
238.31000000	80910482019.89289856
238.68000000	82834291757.55169678
239.06000000	78721692859.79458618
239.43000000	74774828511.78050232
239.81000000	76276332094.17596436
240.18000000	81562500000.00000000
240.55000000	76944899760.43374634
240.93000000	64182793437.10561371
241.30000000	75084589357.12088013
241.67000000	75072642967.54251099
242.05000000	69024670109.00746155
242.42000000	71324522760.64610291
242.80000000	77710226545.50109863
243.17000000	71945728166.84440613
243.54000000	71750710227.27275085
243.92000000	71365612880.47949219
244.29000000	72343340481.29618835
244.66000000	70658509840.13386536
245.04000000	65643511039.31071472
245.41000000	57625035454.28759003
245.78000000	74164041676.76277161
246.16000000	70556708160.44259644
246.53000000	68854395140.88073730
246.90000000	70798089648.42623901
247.28000000	61717121588.08930206
247.65000000	74910265613.78318787
248.02000000	72897358665.43093872
248.40000000	68079948281.43519592
248.77000000	72323312988.42050171
249.14000000	69671186254.59736633
249.52000000	72266803255.36393738
249.89000000	70894689870.59347534
250.26000000	74003937919.85176086
250.64000000	74734520977.19491577
251.01000000	58421410750.73710632
251.38000000	76852846401.71856689
251.75000000	73894331502.35009766
252.13000000	74714197217.99855042
252.50000000	71288232795.24211121
252.87000000	62842610907.03589630
253.25000000	79066184748.47425842
253.62000000	74071237073.91804504
253.99000000	80706134094.15122986
254.36000000	72608230892.57081604
254.74000000	78537681493.43167114
255.11000000	78500171998.62402344
255.48000000	79054755043.22764587
255.85000000	63567687815.72972107
256.23000000	80118951380.06700134
256.60000000	81646376811.59417725
256.97000000	77040816326.53060913
257.34000000	74293755863.65055847
257.71000000	75634086808.87188721
258.09000000	79265850945.49497986
258.46000000	76353413654.61846924
258.83000000	69151309408.34141541
259.20000000	71513115000.75227356
259.58000000	76603510278.56799316
259.95000000	76410750615.69764709
260.32000000	72490857375.05078125
260.69000000	75046016302.91874695
261.06000000	70250578447.29975891
261.44000000	77331599197.96238708
261.81000000	61293096036.45428467
262.18000000	72380326542.99145508
262.55000000	73242009132.42008972
262.92000000	74508387096.77420044
263.29000000	73541252611.73112488
263.67000000	73759371652.98106384
264.04000000	69923895014.14772034
264.41000000	71281053576.77340698
264.78000000	70507253528.07656860
265.15000000	65218955129.93436432
265.52000000	61289504816.63006592
265.90000000	67972242921.01342010
266.27000000	67849002849.00284576
266.64000000	67194719471.94719696
267.01000000	68011639185.25701904
267.38000000	61277578017.49012756
267.75000000	62619198982.83535004
268.12000000	63837845420.11502838
268.50000000	59664379670.49774170
268.87000000	59839586255.25946045
269.24000000	59237244012.49565887
269.61000000	56431655871.11775970
269.98000000	55308672119.80628967
270.35000000	54812705542.63253784
270.72000000	55282034561.46070099
271.09000000	53507808208.42816162
271.46000000	52805421103.58180237
271.83000000	49922532093.84684753
272.21000000	47901296468.73433685
272.58000000	49990549990.54998779
272.95000000	48811544991.51103973
273.32000000	46880131362.88999176
273.69000000	47282549972.98757172
274.06000000	47241882524.62604523
274.43000000	43466967428.82531738
274.80000000	42459997310.74357605
275.17000000	41392808973.97940063
275.54000000	45027852650.49416351
275.91000000	40873184961.81455231
276.28000000	39767044171.26448822
276.65000000	37899770229.14984131
277.02000000	36574476373.11598206
277.39000000	37814838970.15435791
277.76000000	37460863159.18717957
278.13000000	35901823116.40804291
278.50000000	35441185081.09375000
278.87000000	32496931678.71267700
279.24000000	33375139353.40023041
279.61000000	33541520795.40680695
279.98000000	31673296065.36228561
280.35000000	33854241475.39570999
280.72000000	32604786277.49343109
281.09000000	32530985176.80183411
281.46000000	31967991319.67991257
281.83000000	32166580809.58707047
282.20000000	32274641731.34486008
282.57000000	32430067612.35583115
282.94000000	31650450263.94782639
283.31000000	32293218345.74676514
283.68000000	31794727700.01020813
284.05000000	32995113615.12376785
284.42000000	32644181324.33216095
284.79000000	31032840310.85485077
285.16000000	30424203696.42155457
285.53000000	31223050778.67397690
285.90000000	30041497875.70398331
286.27000000	27261654301.84918594
286.64000000	30971284219.20915985
287.01000000	29741652511.21872330
287.38000000	27647296302.45315552
287.75000000	16846333625.47472954
288.12000000	28957391701.79270554
288.49000000	24385501103.36690903
288.86000000	27853360695.19394302
289.23000000	27231361568.07840347
289.59000000	26376825898.14449310
289.96000000	26252232760.57259369
290.33000000	25753376335.41624832
290.70000000	24672993705.74351120
291.07000000	23939379136.84878922
291.44000000	23391991336.66411972
291.81000000	23644376512.54616928
292.18000000	22460211546.06563950
292.55000000	22218400259.22879410
292.91000000	20003660489.59048462
293.28000000	20779204862.98347855
293.65000000	20119193521.25537491
294.02000000	20588889712.97189331
294.39000000	21257734076.14695740
294.76000000	20407899318.50967407
295.13000000	20413992138.13006973
295.50000000	20989408421.59648514
295.86000000	20085025860.98145676
296.23000000	20005709836.49104691
296.60000000	19988134788.79924011
296.97000000	19472961417.87371063
297.34000000	19373060372.92997742
297.71000000	18649192009.16147614
298.07000000	18924638588.80016708
298.44000000	19880208333.33333206
298.81000000	18519391362.26240921
299.18000000	18653147071.04279327
299.55000000	17636772420.68449020
299.91000000	18440723375.75351715
300.28000000	16506787769.87153053
300.65000000	18381900998.79266739
301.02000000	17639459932.62421036
301.39000000	17311585461.79262543
301.75000000	15605606320.19798279
302.12000000	16818787040.17962265
302.49000000	17046200254.02201653
302.86000000	15326102887.29297829
303.23000000	15731865120.64547539
303.59000000	16041340840.37118149
303.96000000	13315283842.79475975
304.33000000	14845541517.56372070
304.70000000	13270135925.74670982
305.06000000	14843909609.58716202
305.43000000	13793135894.23913956
305.80000000	14460516315.67334175
306.17000000	13888136157.26544380
306.53000000	14487150557.85383034
306.90000000	13923113772.45508957
307.27000000	14185221039.04485130
307.64000000	12986436840.03789139
308.00000000	14043897487.94722176
308.37000000	13661066580.63875580
308.74000000	12883379888.26815605
309.11000000	14048049270.86249161
309.47000000	14472352586.45552254
309.84000000	14587473572.93868828
310.21000000	14003967850.23908997
310.57000000	14571223442.44422722
310.94000000	15281519283.86179161
311.31000000	15122530080.58284760
311.67000000	15421286655.03461266
312.04000000	16740903675.19017601
312.41000000	15490161986.72810173
312.77000000	15859504132.23140526
313.14000000	16486778884.39876556
313.51000000	16346857647.65270042
313.87000000	16354931375.67826271
314.24000000	17021624507.77547646
314.61000000	17189701075.05139160
314.97000000	17146634126.49989700
315.34000000	17389319788.59221649
315.71000000	18017007288.83807373
316.07000000	16469105502.30506325
316.44000000	17884923525.12745667
316.81000000	16600159616.91939545
317.17000000	17276798718.32217026
317.54000000	14560980137.36773872
317.91000000	17789557987.87231445
318.27000000	18311723814.73091888
318.64000000	17906151115.22729111
319.00000000	17302111324.37619781
319.37000000	17853429066.60064697
319.74000000	16564138686.70267105
320.10000000	16695460103.34082603
320.47000000	17303686559.76194000
320.83000000	15932113094.10556221
321.20000000	16934327620.30323219
321.57000000	17735417460.92260742
321.93000000	16582778188.99580383
322.30000000	16470758182.34346962
322.66000000	16219954457.28261757
323.03000000	15341247484.90945625
323.40000000	15557233217.71067047
323.76000000	15862881177.70767975
324.13000000	15539209574.86597824
324.49000000	16049526270.45650291
324.86000000	12534304305.31674385
325.22000000	15541247994.59596062
325.59000000	15831878380.10475540
325.95000000	14891849658.68903542
326.32000000	14006598823.34234619
326.68000000	14295277507.30282211
327.05000000	15941059162.41967583
327.42000000	16579553834.80825996
327.78000000	16253805701.63299370
328.15000000	15358964299.72538567
328.51000000	16901715477.20595360
328.88000000	16319377716.76961708
329.24000000	15067997559.06198311
329.61000000	17095464109.21368217
329.97000000	16384868569.36741638
330.34000000	16975026722.37877464
330.70000000	16926667963.43123436
331.07000000	15447565792.39338303
331.43000000	15847750865.05189896
331.80000000	15249707627.66925240
332.16000000	16108620058.56515121
332.52000000	17134027642.59295082
332.89000000	16217697729.05246925
333.25000000	16621548189.49760628
333.62000000	14026142099.13290787
333.98000000	16197387518.14223862
334.35000000	15875968227.34224701
334.71000000	15824153915.16722107
335.08000000	16030390811.60746193
335.44000000	13395322747.67000198
335.81000000	14156254290.81422806
336.17000000	15059155752.47090530
336.53000000	15863979073.70364761
336.90000000	16312317105.61319542
337.26000000	15333266361.94685364
337.63000000	14669397308.36746597
337.99000000	15391556892.43854523
338.36000000	16594292803.97022438
338.72000000	15249921899.40643311
339.08000000	15854666451.99377251
339.45000000	16937890353.92089081
339.81000000	15105987931.30125618
340.18000000	17416304929.53559113
340.54000000	14936090616.23194122
340.90000000	17409124629.08011627
341.27000000	16502197480.22267723
341.63000000	15915155661.99110413
341.99000000	18692740423.25207138
342.36000000	14820855910.64911842
342.72000000	16971634798.02456474
343.09000000	14245387250.02762222
343.45000000	16159293144.50432205
343.81000000	14478116374.69723320
344.18000000	17084081090.06313896
344.54000000	16885473100.66776276
344.90000000	16749359495.09467697
345.27000000	17193072482.36048889
345.63000000	18029192170.57913589
345.99000000	17568273716.95178986
346.36000000	17055335968.37944221
346.72000000	19903839304.79378891
347.08000000	17890196602.91561127
347.45000000	19166547941.30218506
347.81000000	16147459108.50293159
348.17000000	17126870613.16382217
348.54000000	18071827057.18270493
348.90000000	16777642614.76407242
349.26000000	16364612275.82723427
349.62000000	16168579985.02621078
349.99000000	19522461446.77046585
350.35000000	18952025742.28463364
350.71000000	16702113946.89353561
351.08000000	17520147520.83049011
351.44000000	19171212913.83304214
351.80000000	14284202906.62063789
352.16000000	15549178826.54619026
352.53000000	17918781725.88832855
352.89000000	16294396717.52788544
353.25000000	15980885311.87123108
353.61000000	18299373605.01115799
353.98000000	16782832958.60336113
354.34000000	16099396653.60453033
354.70000000	19003092857.65662384
355.06000000	19750317709.50137711
355.43000000	19032882011.60541534
355.79000000	19685832839.35980988
356.15000000	18538831902.86790848
356.51000000	19120870982.07673264
356.88000000	19010231316.72598267
357.24000000	19458905668.96865845
357.60000000	20379922779.92278671
357.96000000	20028838127.03954315
358.32000000	15441327300.15082932
358.69000000	20498157936.88931656
359.05000000	18470002230.31744385
359.41000000	18960077751.19617844
359.77000000	21003693065.24415970
360.13000000	20622215273.97796249
360.49000000	21372564739.83804703
360.86000000	19527149321.26696777
361.22000000	17590353120.03316498
361.58000000	20345246778.50717926
361.94000000	18387026870.84658051
362.30000000	21760129936.74132156
362.66000000	19955315145.81374359
363.03000000	22571479949.64934921
363.39000000	22819998175.34896469
363.75000000	22123727905.73111343
364.11000000	18601361573.37367630
364.47000000	21552147239.26380539
364.83000000	18262759499.36296082
365.19000000	20983872344.05665207
365.56000000	18855236926.85171127
365.92000000	22708716439.86759949
366.28000000	19628069617.73821640
366.64000000	18400927865.90840149
367.00000000	21088587940.99888229
367.36000000	21032618175.47531891
367.72000000	18148705599.03672409
368.08000000	17245104659.01417160
368.44000000	18844821614.13231277
368.80000000	16792173370.75147820
369.17000000	18679327089.83697891
369.53000000	18307836138.02482605
369.89000000	18622582331.41661835
370.25000000	17815154038.30141449
370.61000000	18400412796.69762421
370.97000000	15563025210.08403397
371.33000000	18476620109.30858231
371.69000000	14606679925.93101120
372.05000000	17386122448.97959137
372.41000000	18729267449.89633942
372.77000000	19159597030.75292587
373.13000000	18929872900.18666077
373.49000000	20431058560.65544128
373.85000000	18255552782.63040543
374.21000000	19334369334.36933136
374.57000000	20263300760.04343414
374.93000000	17706876930.58039474
375.29000000	16820849420.84942055
375.65000000	18167639699.74979019
376.01000000	18820391745.36550522
376.37000000	16286415210.05825806
376.73000000	17327895595.43230057
377.09000000	19496221662.46852112
377.45000000	16349180982.82061577
377.81000000	17938804138.17288589
378.17000000	19073762838.46872711
378.53000000	19667670780.29347229
378.89000000	16820410537.68802261
379.25000000	15166729112.02697563
379.61000000	13767403767.40376854
379.97000000	16211259710.09850502
380.33000000	18047048379.93786240
380.69000000	18135533084.97427750
381.05000000	19924659518.98000336
381.41000000	16919894074.80965805
381.77000000	17716603382.80979919
382.13000000	16809956603.61909103
382.49000000	13908271797.30370140
382.85000000	18100864045.14195251
383.21000000	17687149889.66220093
383.57000000	20542256961.40692902
383.93000000	16247466084.51583481
384.28000000	20458023054.16708755
384.64000000	18326300984.52883148
385.00000000	17317916002.12653732
385.36000000	17684581976.11292267
385.72000000	18163718780.55284882
386.08000000	21641151255.35823059
386.44000000	18613086770.98150635
386.80000000	18800361336.94670105
387.16000000	17041755712.64179611
387.52000000	17371596145.78969574
387.87000000	15215763980.62527084
388.23000000	18981049162.31804276
388.59000000	20710218759.36470032
388.95000000	21521236333.05298996
389.31000000	19651629317.93717575
389.67000000	19731731731.73173141
390.03000000	20033950617.28395081
390.38000000	19349165341.81239700
390.74000000	20451619710.87896347
391.10000000	17470704885.52371216
391.46000000	18492398234.42864227
391.82000000	19494364595.18146133
392.18000000	17226790935.67251968
392.54000000	19571901355.82363892
392.89000000	17673768437.28911209
393.25000000	16574917973.02224159
393.61000000	18225972422.30912399
393.97000000	18027480916.03053284
394.33000000	15655989866.08758926
394.68000000	16570580348.59222603
395.04000000	18048398873.47449875
395.40000000	16373012869.03860474
395.76000000	15703110951.26774788
396.12000000	16331587806.24648476
396.47000000	18353299705.75872421
396.83000000	16798114840.81945610
397.19000000	18252834943.30113220
397.55000000	17340597255.85149002
397.90000000	17155428119.43840790
398.26000000	18351136964.56901169
398.62000000	18218185636.28728104
398.98000000	18944207882.95664215
399.33000000	17672289652.33491516
399.69000000	10551724137.93103409
400.05000000	18025227043.39051437
400.41000000	19059965855.74049759
400.76000000	19137561602.74266052
401.12000000	16089047195.01335716
401.48000000	18752097315.43623352
401.84000000	19250817884.40567017
402.19000000	18327896453.75144196
402.55000000	17309679984.09859085
402.91000000	18289635395.32978821
403.26000000	20653833010.59346008
403.62000000	16762988908.34792519
403.98000000	18608338877.79995346
404.34000000	20315801970.79426193
404.69000000	17703289882.06083298
405.05000000	17564352574.10297394
405.41000000	14816255258.35384178
405.76000000	21774174734.63199234
406.12000000	20270990670.81296158
406.48000000	18945841392.64989471
406.83000000	19119553072.62570953
407.19000000	16177111974.96918869
407.55000000	18655168765.21002197
407.90000000	14765019379.84496498
408.26000000	19308342133.05174255
408.62000000	17604283528.81183243
408.97000000	17475748629.27033997
409.33000000	19057146142.34793091
409.68000000	17649329758.71312714
410.04000000	16687217427.04480362
410.40000000	18252360119.73290634
410.75000000	17210160660.00867081
411.11000000	18553540081.91924286
411.47000000	17113334783.55448151
411.82000000	17464757464.75747299
412.18000000	16933219906.42278862
412.53000000	18918663676.07130432
412.89000000	18807877153.90926361
413.25000000	19211375313.65755463
413.60000000	17736348593.49145126
413.96000000	20913111342.35172272
414.31000000	20493606138.10742950
414.67000000	19579718998.16737747
415.03000000	21072978303.74754715
415.38000000	20284814114.68178940
415.74000000	18490522688.11028290
416.09000000	19599609375.00000381
416.45000000	17073303561.70352745
416.80000000	18744498777.50612259
417.16000000	16960026872.69063759
417.51000000	17894672976.58052444
417.87000000	19023477812.17750549
418.23000000	18176893032.63198090
418.58000000	17762866289.09136200
418.94000000	18888439773.64592361
419.29000000	18446052631.57893753
419.65000000	16651621332.69985199
420.00000000	14857391682.99585724
420.36000000	15471655584.35703468
420.71000000	17211634904.71415329
421.07000000	17833291171.26232529
421.42000000	17085093542.54677200
421.78000000	16744402985.07461929
422.13000000	18166064081.78530502
422.49000000	20492485238.86205673
422.84000000	17448209795.23409653
423.20000000	20473514121.11845398
423.55000000	21007057546.14550018
423.91000000	23795641098.21680069
424.26000000	15715487428.73166275
424.61000000	19105730040.75759506
424.97000000	16669325092.21413040
425.32000000	20940743660.49139786
425.68000000	20441195331.53777695
426.03000000	18650902302.42688370
426.39000000	15910396935.19208527
426.74000000	17918264621.28476334
427.10000000	18148822529.74022293
427.45000000	20400291120.81513977
427.80000000	17873995663.81838226
428.16000000	19771374458.87445068
428.51000000	18086204671.57053375
428.87000000	17878827532.05967331
429.22000000	15638175985.33455276
429.58000000	14947223497.01697350
429.93000000	16000237022.99124336
430.28000000	19474157303.37078476
430.64000000	20137877614.25251770
430.99000000	20703879773.04096222
431.35000000	17980702963.47346497
431.70000000	17882111034.95543671
432.05000000	19529940119.76047897
432.41000000	17584580132.09326172
432.76000000	17526692796.32383728
433.11000000	18208368435.83263779
433.47000000	17730380092.97238922
433.82000000	15708362128.54179764
434.17000000	17684440201.82737350
434.53000000	17133042674.06525421
434.88000000	12937360632.47516251
435.24000000	17124640065.81655312
435.59000000	17709869540.55587387
435.94000000	20550742574.25742340
436.30000000	18469135802.46913528
436.65000000	22168148494.77459335
437.00000000	17905977165.88314438
437.35000000	12795377948.96485329
437.71000000	19578606158.83305359
438.06000000	17679738562.09151077
438.41000000	20857008318.94520950
438.77000000	18904538341.15806961
439.12000000	20658483994.02885818
439.47000000	20539248021.10817719
439.83000000	18423088366.55757904
440.18000000	21097103918.22827911
440.53000000	19748670855.48574829
440.88000000	14089655172.41379356
441.24000000	16981314878.89273262
441.59000000	20249231267.19532013
441.94000000	19710144927.53622437
442.30000000	18266988911.00370407
442.65000000	15018682609.15981865
443.00000000	21659738260.20015335
443.35000000	14720100449.93198967
443.71000000	21158068882.53873825
444.06000000	19289729877.96519089
444.41000000	21209105985.22541046
444.76000000	14896889199.58056259
445.11000000	15594641962.94441223
445.47000000	15205702138.30186653
445.82000000	16636274372.28221512
446.17000000	19582914572.86432266
446.52000000	14366658272.47545052
446.88000000	19385631709.33113098
447.23000000	20207280080.88978577
447.58000000	18182681652.68324280
447.93000000	19373930892.91823959
448.28000000	7663058186.73883629
448.63000000	15336492890.99526024
448.99000000	20425608656.44725037
449.34000000	16249641319.94261169
449.69000000	17363176452.55250168
450.04000000	19777385159.01061630
450.39000000	20009231905.46530914
450.74000000	18518712836.65616608
451.10000000	18993721973.09416962
451.45000000	17256369426.75159073
451.80000000	18288521199.58635712
452.15000000	14269617159.92398643
452.50000000	16235712079.08558273
452.85000000	18063179699.63748932
453.21000000	15871378735.02198792
453.56000000	17572545612.51086044
453.91000000	18607175712.97148132
454.26000000	18778951269.22364807
454.61000000	19824360286.59158707
454.96000000	15440369897.95918846
455.31000000	15708353609.08352470
455.66000000	19147125567.32223129
456.01000000	17892794094.04589081
456.36000000	22428082880.70811081
456.72000000	22792579435.56343842
457.07000000	18654498465.51447296
457.42000000	15302777777.77777863
457.77000000	14907058001.39762497
458.12000000	22473662031.18415833
458.47000000	17827294032.81053543
458.82000000	15967705473.92218971
459.17000000	17760057471.26436234
459.52000000	17761325966.85083008
459.87000000	13068292682.92682838
460.22000000	20034482758.62068558
460.57000000	16252190676.48091316
460.92000000	16721666070.79012871
461.27000000	16610245387.78433990
461.62000000	20042143937.75663376
461.97000000	22074982802.10958862
462.32000000	12706906001.64428329
462.67000000	12543496158.06805420
463.02000000	11194013166.06632233
463.38000000	10767383512.54480362
463.73000000	14188819075.23763847
464.08000000	12956152961.47210312
464.43000000	15946322067.59442902
464.78000000	19126598742.68371201
465.12000000	15577507062.14690208
465.47000000	14724799732.97730827
465.82000000	5898768809.84952164
466.17000000	15557308096.74026299
466.52000000	14660611065.23534203
466.87000000	17240670938.56012344
467.22000000	20207422133.86347198
467.57000000	19241162936.62414169
467.92000000	16486021505.37634468
468.27000000	13155922469.49030876
468.62000000	10235813226.09473038
468.97000000	15119519214.49127388
469.32000000	20826297273.52683640
469.67000000	9633372883.18411827
470.02000000	10435995814.44017601
470.37000000	17821232458.81634140
470.72000000	15385670209.11896706
471.07000000	18314629667.41481781
471.42000000	16004212743.54922867
471.76000000	15519319148.93615913
472.11000000	15796257796.25780106
472.46000000	14497694387.02495193
472.81000000	9274402035.62340927
473.16000000	15019119828.58085251
473.51000000	17072114513.49883270
473.86000000	17987972508.59106064
474.21000000	16547418335.08956528
474.56000000	16787829833.06409836
474.90000000	17179463629.68406677
475.25000000	13732304643.26161575
475.60000000	15336101535.56876945
475.95000000	17152996845.42587090
476.30000000	13141374509.55576134
476.65000000	14288577154.30861664
477.00000000	11783632044.91470718
477.34000000	13330890436.05716705
477.69000000	20301339285.71427155
478.04000000	14840902909.98097038
478.39000000	16718798873.94430923
478.74000000	17915775620.99030685
479.09000000	16494577669.16145325
479.43000000	17448559670.78188705
479.78000000	20878787878.78787994
480.13000000	13399781208.21685028
480.48000000	14334016393.44261932
480.83000000	17400497512.43781662
481.17000000	17524576954.06929779
481.52000000	17102689486.55255318
481.87000000	18585187645.30055618
482.22000000	13423510857.69745255
482.57000000	17654728243.79515076
482.91000000	15585910414.64430618
483.26000000	15839055204.61412048
483.61000000	17051630434.78259468
483.96000000	17871835443.03797531
484.30000000	-21191369606.00375366
484.65000000	18510324483.77581787
485.00000000	18507905138.33992767
485.35000000	16327182914.42685509
485.69000000	17154632880.47625351
486.04000000	15977812544.44601631
486.39000000	15675099488.34564209
486.74000000	15299337934.92039871
487.08000000	18496253405.99455643
487.43000000	13888746803.06905365
487.78000000	16926028238.18293762
488.12000000	13462188934.52525902
488.47000000	16349765258.21595383
488.82000000	12842771560.98111343
489.17000000	15954589505.74553108
489.51000000	17113157113.15712166
489.86000000	14978810838.57710266
490.21000000	17102639296.18768311
490.55000000	14447452621.21584320
490.90000000	18209653092.00603485
491.25000000	18422174840.08530045
491.59000000	19047619047.61905670
491.94000000	13186336717.42809486
492.29000000	16497750727.70573807
492.63000000	15922615247.09489059
492.98000000	18526920315.86503983
493.33000000	16017874875.86890984
493.67000000	18413242009.13241577
494.02000000	16624455876.53344154
494.37000000	18076311605.72338104
494.71000000	14392229847.62125015
495.06000000	17165797419.70902252
495.40000000	13130222131.64865875
495.75000000	16726642676.26282501
496.10000000	12560048038.43074608
496.44000000	15060602424.09696960
496.79000000	14380657728.88736343
497.13000000	16722843976.30020714
497.48000000	10746489283.07464981
497.83000000	13340357214.52940750
498.17000000	15035460992.90779877
498.52000000	27100831811.72653580
498.86000000	14022674784.79950333
499.21000000	15821789152.38318443
499.56000000	16960856720.82717705
499.90000000	15285244414.19984436
500.25000000	16122741954.77927017
500.59000000	14852575872.12442589
500.94000000	15284028839.85143661
501.28000000	13791982665.22209930
501.63000000	12947757743.87424850
501.97000000	16222196478.22057724
502.32000000	16514919212.17125320
502.67000000	14550736667.35836983
503.01000000	17570628500.31113052
503.36000000	16813404950.95748520
503.70000000	16488361683.07967949
504.05000000	14691394954.63157463
504.39000000	14448192771.08433723
504.74000000	16355701036.55210114
505.08000000	13993651979.08887482
505.43000000	18214679573.58167267
505.77000000	18424287118.97738647
506.12000000	16975810946.38278198
506.46000000	17221531154.58555222
506.81000000	17948169281.97813034
507.15000000	18010372465.81800842
507.49000000	17932928922.97127533
507.84000000	18325960419.09197617
508.18000000	17193001060.44538879
508.53000000	17145714887.34470177
508.87000000	17989343192.69248581
509.22000000	18552778397.67909241
509.56000000	2745227017.48756599
509.91000000	8858284496.53702736
510.25000000	18033622559.65292740
510.60000000	20451480857.21164703
510.94000000	15012954525.14964485
511.28000000	20281875974.57119370
511.63000000	15332789263.69241714
511.97000000	16746558383.67832375
512.32000000	15814627759.07220650
512.66000000	19173375666.17530060
513.00000000	17038492543.32929420
513.35000000	15994598621.71726227
513.69000000	18965405053.68180466
514.04000000	16852585881.46471214
514.38000000	16740959955.60900116
514.72000000	18587519936.20413208
515.07000000	18590764331.21018600
515.41000000	18903056061.52600861
515.76000000	20364779874.21384430
516.10000000	17884562275.61446762
516.44000000	16930710459.29569054
516.79000000	19093790234.72317886
517.13000000	19608421480.87876511
517.47000000	15840111741.02374077
517.82000000	18990016477.65823746
518.16000000	18721037998.14642334
518.50000000	18386020209.51143646
518.85000000	18386709736.96354294
519.19000000	17560363479.01341248
519.53000000	14616143118.74911690
519.88000000	17685522856.41592026
520.22000000	19094405274.24228668
520.56000000	18535676251.33120728
520.91000000	19681492649.83037567
521.25000000	20120937263.79441452
521.59000000	18779541446.20811462
521.93000000	18924516855.88006592
522.28000000	19355094140.41879272
522.62000000	19785224133.32145309
522.96000000	17577988915.28107834
523.31000000	19062314035.53514862
523.65000000	18838489118.65254593
523.99000000	17767379679.14437866
524.33000000	18342332178.25770950
524.68000000	18673394043.80999756
525.02000000	20411585365.85365295
525.36000000	18018295087.13824463
525.70000000	20016659359.92984772
526.05000000	19325880193.55914688
526.39000000	19766191654.57804108
526.73000000	17907275752.53365707
527.07000000	18614909231.36346054
527.41000000	16811975881.90450287
527.76000000	20205593474.27999878
528.10000000	20048014322.91667175
528.44000000	18428582072.87086868
528.78000000	19232422474.66994476
529.12000000	18152463142.75440598
529.47000000	19681790027.87241364
529.81000000	17248893428.66870880
530.15000000	18146191733.88536453
530.49000000	18395687097.47448349
530.83000000	20672521753.27315140
531.18000000	20233770336.43974304
531.52000000	19369723003.99940491
531.86000000	20369117194.70931244
532.20000000	20119814969.28792572
532.54000000	17850398446.39389038
532.88000000	21416508838.38383484
533.22000000	19759811280.29166412
533.57000000	19730192719.48608017
533.91000000	18241102917.60179520
534.25000000	21181682799.70215988
534.59000000	17447865554.46515656
534.93000000	19086031930.70907593
535.27000000	20326544943.82022476
535.61000000	19781852248.39400482
535.95000000	17792432561.47051239
536.30000000	21242846039.70890045
536.64000000	19548114434.33029938
536.98000000	21296795235.39421463
537.32000000	19852921778.12953568
537.66000000	21138342696.62921906
538.00000000	18879004665.62985992
538.34000000	18481366648.42847824
538.68000000	19322235434.00712967
539.02000000	17061898211.82943535
539.36000000	20881068752.03648758
539.70000000	21651580742.48983002
540.04000000	20935108567.16232681
540.39000000	15231305449.93662453
540.73000000	20929381858.76372147
541.07000000	21195631588.91484833
541.41000000	20252718546.86836243
541.75000000	19307349278.97145081
542.09000000	18484142825.46019745
542.43000000	19977390373.05884552
542.77000000	20313683071.93076706
543.11000000	19497677619.12953186
543.45000000	19957739038.56312943
543.79000000	18354369192.76007843
544.13000000	19962857640.29946518
544.47000000	19629272716.96615982
544.81000000	20763761331.99028397
545.15000000	19438171453.62859344
545.49000000	20794308042.22313309
545.83000000	21044653349.00117493
546.17000000	19813291842.63169098
546.51000000	21133238501.65955734
546.85000000	20020121848.97434998
547.19000000	17539787473.67906189
547.53000000	20571671870.56486130
547.87000000	18662512231.54967499
548.21000000	16960123560.79752541
548.54000000	19483461233.13045883
548.88000000	20000000000.00000381
549.22000000	20547368421.05263138
549.56000000	20395338706.16423416
549.90000000	20348303819.07403183
550.24000000	19786762812.25856400
550.58000000	20737238044.06233215
550.92000000	18229876415.58197784
551.26000000	20690276746.89852142
551.60000000	17670700867.05201721
551.94000000	20345216144.23273468
552.28000000	20363990567.00502014
552.61000000	18623578125.74365616
552.95000000	20362637931.92768097
553.29000000	19754736895.00930023
553.63000000	19979968951.87541199
553.97000000	18347534445.25017548
554.31000000	19078585736.24633408
554.65000000	18852013808.97583389
554.99000000	18281409262.13161850
555.32000000	20745285390.99824524
555.66000000	19232523503.67681885
556.00000000	20922371668.93355942
556.34000000	20104686899.73108292
556.68000000	20019037646.94684219
557.02000000	18894928350.02919769
557.36000000	19769985974.75455856
557.69000000	20421293428.01315308
558.03000000	20102270594.85832596
558.37000000	17212913448.20756531
558.71000000	17463035636.42129135
559.05000000	18856865148.12154007
559.38000000	18470365648.00724411
559.72000000	21147633623.73440552
560.06000000	19866924326.93574142
560.40000000	19827916702.97115326
560.74000000	18617008221.86771393
561.07000000	20334458559.11877441
561.41000000	20253075878.97893524
561.75000000	20368262030.91474533
562.09000000	21117361173.61173248
562.42000000	20158709951.19881058
562.76000000	20565804609.94419098
563.10000000	21128983176.10746384
563.44000000	15321996879.87519455
563.77000000	21613635371.65554047
564.11000000	21420105545.46240997
564.45000000	20324218908.70677948
564.79000000	21088550004.21265411
565.12000000	21303034171.66687393
565.46000000	21253360215.05376053
565.80000000	21577662753.01939774
566.14000000	21574273858.92116165
566.47000000	20737314381.00531769
566.81000000	23044030668.12705994
567.15000000	23160360985.76882935
567.48000000	21613086079.84452057
567.82000000	22529215358.93155289
568.16000000	22842658655.65152359
568.49000000	24084957434.85588074
568.83000000	24461268378.31906891
569.17000000	22344264293.55114365
569.50000000	21893759794.27010345
569.84000000	20756525362.73061371
570.18000000	21758224145.53030396
570.51000000	19931728086.91822433
570.85000000	22539388703.77227020
571.19000000	22430454471.93918991
571.52000000	22012373950.42384338
571.86000000	17082683793.72700882
572.20000000	21823548054.82925415
572.53000000	20129041665.14780807
572.87000000	23350234663.09084702
573.21000000	23436238818.38984680
573.54000000	23005513579.74269867
573.88000000	22094822845.47097778
574.21000000	22058431372.54901886
574.55000000	22231927591.79479218
574.89000000	22408374891.15808105
575.22000000	20883128295.25483322
575.56000000	22539644970.41419983
575.89000000	22302172302.17229843
576.23000000	22218984341.60935211
576.57000000	21714361520.67619324
576.90000000	22871076011.84600067
577.24000000	21476084538.37597275
577.57000000	22899106507.47212601
577.91000000	21357300884.95575333
578.24000000	23044757384.38002396
578.58000000	22255121878.27127075
578.91000000	21856765870.10702515
579.25000000	23144800703.17575836
579.59000000	22403358857.69245529
579.92000000	22706464699.09561539
580.26000000	23286259541.98472977
580.59000000	22343893059.87914276
580.93000000	21792046514.96661377
581.26000000	22634482758.62068939
581.60000000	21491982584.68726349
581.93000000	20798093082.27869797
582.27000000	20385852090.03215027
582.60000000	22528885091.20630264
582.94000000	20973121984.83804321
583.27000000	21956670385.43203735
583.61000000	21662365211.24270630
583.94000000	21219740259.74026108
584.28000000	21848432117.61780930
584.61000000	22716727716.72771454
584.94000000	21821960276.63270950
585.28000000	21666948550.55306244
585.61000000	20637455457.30500031
585.95000000	21591721162.27330780
586.28000000	20205452900.89158630
586.62000000	19217428606.44687271
586.95000000	21475089881.86954117
587.29000000	19922244339.38790131
587.62000000	20499903987.71042633
587.95000000	22401371606.33484268
588.29000000	21610001678.13391495
588.62000000	21126063015.21618652
588.96000000	20947919359.00749588
589.29000000	22096581808.26772690
589.62000000	22433953201.12536621
589.96000000	22156453891.16835403
590.29000000	22236473487.02197647
590.63000000	23372731110.17307281
590.96000000	21155512447.46200943
591.29000000	21604648859.24654388
591.63000000	21384570821.66650772
591.96000000	23683219664.67746735
592.29000000	22974845557.86887360
592.63000000	23222617500.17102814
592.96000000	22721309280.76575851
593.30000000	20873852642.02431488
593.63000000	22697759946.50618362
593.96000000	23120401567.76456451
594.30000000	23295174958.99398804
594.63000000	22375356943.57830048
594.96000000	20624770192.42554092
595.30000000	22914603132.11083221
595.63000000	22963754111.14501572
595.96000000	22967415161.23585510
596.29000000	22447443978.74657440
596.63000000	23303598787.92006302
596.96000000	22315868409.89860535
597.29000000	22903560433.67687988
597.63000000	23330920122.72899628
597.96000000	21423235201.01297760
598.29000000	21305207026.34880829
598.63000000	21911413639.58965683
598.96000000	22085756050.02436066
599.29000000	22907247060.40901566
599.62000000	21265795070.68684769
599.96000000	23651258045.64072418
600.29000000	22068640208.19779205
600.62000000	23512374218.11259460
600.95000000	23698707512.37665176
601.29000000	23926067558.95475006
601.62000000	23731936416.18497086
601.95000000	23723142420.00931168
602.28000000	24691194904.63122940
602.61000000	17543657975.83524704
602.95000000	23912280109.39663315
603.28000000	21423792598.78736877
603.61000000	24221631444.33974838
603.94000000	22218353643.37229538
604.27000000	24675031280.41151428
604.61000000	22703869523.50495529
604.94000000	22827240281.66296768
605.27000000	23555857858.58854294
605.60000000	24125802834.13191986
605.93000000	23881397016.14830399
606.27000000	22280226780.48159409
606.60000000	24098597857.16746521
606.93000000	23787193525.35110855
607.26000000	21395601739.97099686
607.59000000	23049945818.14599228
607.92000000	22314270273.70696640
608.26000000	23632630714.48125076
608.59000000	23583523719.93011093
608.92000000	23653457339.26405334
609.25000000	24486918754.95501328
609.58000000	23476982054.92581177
609.91000000	22802845726.53737259
610.24000000	21125614662.49441147
610.57000000	23485737004.27392578
610.90000000	23300006577.64914703
611.24000000	25538369389.04939651
611.57000000	24982938682.65949631
611.90000000	23718111817.87746811
612.23000000	24137508091.71748734
612.56000000	23650767233.63179398
612.89000000	23958180239.16093063
613.22000000	23966185511.89521408
613.55000000	25270963660.64525223
613.88000000	22966747716.36985397
614.21000000	25388743732.78723145
614.54000000	23971808766.03334045
614.87000000	25347741657.07709885
615.20000000	25591620375.41299057
615.53000000	23439412077.68022919
615.87000000	24802420915.58464813
616.20000000	24328869511.05574036
616.53000000	23349606456.11238098
616.86000000	24939202161.70092392
617.19000000	24410649034.27875519
617.52000000	25184497140.56751633
617.85000000	25505981600.66907120
618.18000000	25910777881.91190720
618.51000000	25074870381.78455734
618.84000000	23706509443.66366577
619.17000000	25449477609.18521500
619.50000000	22971275885.10354614
619.83000000	23484336032.25035477
620.16000000	24791185804.96249008
620.49000000	26234158117.07905579
620.82000000	22832640502.76586914
621.14000000	24697986577.18121338
621.47000000	26075806995.83848572
621.80000000	24490114648.77720261
622.13000000	25181557483.89259720
622.46000000	22103628636.80941391
622.79000000	24754820936.63911819
623.12000000	26412762176.98636246
623.45000000	24947099598.68661118
623.78000000	25254527837.81769562
624.11000000	26885887805.65766144
624.44000000	25352271870.99691391
624.77000000	26070280113.13005829
625.10000000	24889036839.76919174
625.43000000	27212785608.15965652
625.75000000	25283685278.42489243
626.08000000	26778892072.58835220
626.41000000	27137441522.82625961
626.74000000	25524887223.79386520
627.07000000	25599797799.12120056
627.40000000	22877551735.00472260
627.73000000	26077267725.20044327
628.06000000	26088722651.22265625
628.38000000	26257691062.17616653
628.71000000	24493826228.14635468
629.04000000	25248296744.89023590
629.37000000	24701984232.77602386
629.70000000	25579779207.37034607
630.03000000	26806075738.66001511
630.36000000	24166761116.77811432
630.68000000	24272492224.67868423
631.01000000	26168117828.95272446
631.34000000	23318951452.08657837
631.67000000	26145340297.04586029
632.00000000	26587966804.97925186
632.32000000	23960288673.67161179
632.65000000	24112666516.14360046
632.98000000	25202359882.00590134
633.31000000	26848144632.02212524
633.64000000	24721442125.23719025
633.96000000	25973460250.87726593
634.29000000	23821625420.78201294
634.62000000	26163815869.66237259
634.95000000	25530050745.32191086
635.27000000	25634727916.88229370
635.60000000	24988164991.65728378
635.93000000	25358141366.41070938
636.26000000	25758800000.00000000
636.58000000	26540141773.82130432
636.91000000	26817163250.06224442
637.24000000	27243370852.83082199
637.57000000	26199910317.55737305
637.89000000	25477889868.01705933
638.22000000	26576823891.52316666
638.55000000	25399936010.23836517
638.87000000	25582051075.48537445
639.20000000	25546035959.93724823
639.53000000	25768071061.85314178
639.86000000	26834520030.88272858
640.18000000	26377942681.67861176
640.51000000	24892626765.73855209
640.84000000	24795445302.96868515
641.16000000	26239187502.68967438
641.49000000	25492098001.50514221
641.82000000	27856418763.24762344
642.14000000	27131316757.92119598
642.47000000	22570552371.21682739
642.80000000	26686765020.31217194
643.12000000	25523291480.92103195
643.45000000	27058185917.44710922
643.78000000	26814041419.60985947
644.10000000	27192011336.46267319
644.43000000	26721882021.23440933
644.75000000	24938671988.69069672
645.08000000	28012171327.69673920
645.41000000	25663071742.18849182
645.73000000	27551599469.13184738
646.06000000	22832127902.55044556
646.39000000	26002245929.25322723
646.71000000	28078444144.60521698
647.04000000	28147854477.61193848
647.36000000	28688438866.70470428
647.69000000	26861624994.50718689
648.01000000	28787133308.57780075
648.34000000	29073223326.45790482
648.67000000	26776185130.81772232
648.99000000	26922838960.57981110
649.32000000	30104849279.16120529
649.64000000	30470858595.73635483
649.97000000	30592062459.33637619
650.29000000	30209548285.06473541
650.62000000	24404005862.23742294
650.94000000	28555353380.57843781
651.27000000	26103037730.89380646
651.59000000	29066140273.91918564
651.92000000	24190307090.10935593
652.25000000	28264372719.08621597
652.57000000	31624860794.39995956
652.90000000	30120160911.13316345
653.22000000	28813354592.45301437
653.55000000	28766091208.46221924
653.87000000	30435601981.47749710
654.20000000	28702994253.45298004
654.52000000	26096848934.19832993
654.84000000	29279920973.27649689
655.17000000	28152869426.11478043
655.49000000	26477197931.35872269
655.82000000	30170898960.67716217
656.14000000	29709381195.86767578
656.47000000	28400917751.50880814
656.79000000	26646544059.15110016
657.12000000	30416977313.87794113
657.44000000	30202426975.94502258
657.77000000	30757122619.23499680
658.09000000	31954210956.66394043
658.41000000	31937868178.28165436
658.74000000	30727156071.21851730
659.06000000	32682983547.46817398
659.39000000	31039510549.48825455
659.71000000	31294104059.59461212
660.03000000	31178873482.53839874
660.36000000	30224680062.53981781
660.68000000	28166221033.86809540
661.01000000	25244337300.98939896
661.33000000	27836296173.22922134
661.65000000	30620041498.84046555
661.98000000	24458398744.11303329
662.30000000	26995780134.17008591
662.63000000	29442361761.94939423
662.95000000	30185106769.10047913
663.27000000	30652518599.82924271
663.60000000	30543551447.63420105
663.92000000	30065072000.96402359
664.24000000	30128894318.87599945
664.57000000	32649080316.81612396
664.89000000	31018904984.04125214
665.21000000	31525888958.20336914
665.54000000	28597715736.04061890
665.86000000	31503463175.95476151
666.18000000	31075692307.69230652
666.51000000	29832811484.61038971
666.83000000	34026225998.52813721
667.15000000	25602311904.27905655
667.47000000	31332133771.79376221
667.80000000	31136800347.11460495
668.12000000	34081688038.53722382
668.44000000	33207509750.77676010
668.77000000	33785821041.00332260
669.09000000	31482288828.33787537
669.41000000	32566483481.77625275
669.73000000	36801418963.86077881
670.06000000	32963037770.14744186
670.38000000	33099065677.38388824
670.70000000	36454127078.38478851
671.02000000	33467056150.60045624
671.35000000	37165884667.77661133
671.67000000	33647402295.79989243
671.99000000	37378034858.05617523
672.31000000	31827279225.42076111
672.63000000	36200315575.92607117
672.96000000	32998514918.32049561
673.28000000	37430321592.64932251
673.60000000	36999337602.11967468
673.92000000	37963298595.37834930
674.24000000	39243939515.16122437
674.57000000	41511973575.55738831
674.89000000	35598374337.76034546
675.21000000	42424321051.72116089
675.53000000	36782674772.03647614
675.85000000	36180029154.51895142
676.17000000	35737172388.33518219
676.50000000	43169535360.74198914
676.82000000	35129922708.87007904
677.14000000	38035070468.69876862
677.46000000	29013333333.33333206
677.78000000	42307978772.92615509
678.10000000	36574355690.73153687
678.42000000	40262426138.33856964
678.75000000	42217767653.75852203
679.07000000	43661892197.51223755
679.39000000	38364710848.45926666
679.71000000	43136461958.05512238
680.03000000	44455104321.90760803
680.35000000	44864636209.81386566
680.67000000	45446462353.38629150
680.99000000	50093246957.20454407
681.31000000	48600040461.25836945
681.63000000	46515635589.11803436
681.96000000	40703151474.07656860
682.28000000	45317345661.17693329
682.60000000	49213471394.20560455
682.92000000	45521091811.41436768
683.24000000	49311465101.65584564
683.56000000	42574194715.88849640
683.88000000	53893610324.20520782
684.20000000	49675648702.59481049
684.52000000	49640969382.66678619
684.84000000	50349695219.76261902
685.16000000	48140892038.34931946
685.48000000	43626404759.65626526
685.80000000	49267391750.46175385
686.12000000	43650909090.90908813
686.44000000	44017361111.11111450
686.76000000	53653581631.57341003
687.08000000	56352751554.22519684
687.40000000	55978956999.08508301
687.72000000	49552541000.20246124
688.04000000	58775216138.32851410
688.36000000	40967525945.76497650
688.68000000	45822879610.55982971
689.00000000	55117289313.64030457
689.32000000	53598786925.75535583
689.64000000	56008215962.44134521
689.96000000	53795975017.34906769
690.28000000	46676217765.04299164
690.60000000	46834377246.12384796
690.92000000	61447352102.19519806
691.24000000	54278045574.05788422
691.56000000	59996367159.11841583
691.88000000	52453215379.38072205
692.19000000	60322836729.29344940
692.51000000	50703080916.37510681
692.83000000	54517655624.31741333
693.15000000	47914805534.37191010
693.47000000	51107674684.99427032
693.79000000	54717929850.38020325
694.11000000	50471719457.01357269
694.43000000	57971627335.97058105
694.75000000	55464873335.07448578
695.06000000	52935551968.21059418
695.38000000	55284448589.41477203
695.70000000	60845522196.56148529
696.02000000	57529014844.80432129
696.34000000	58084322554.23658752
696.66000000	59907120743.03406525
696.98000000	65562913907.28475189
697.29000000	61058519793.45952606
697.61000000	49244918814.57932281
697.93000000	53954972309.17406464
698.25000000	49065945079.17421722
698.57000000	62984690595.65159607
698.89000000	79284210526.31579590
699.20000000	73633027522.93572998
699.52000000	60310982658.95954132
699.84000000	86620430809.39944458
700.16000000	76034846143.03781128
700.48000000	65497458242.55629730
700.79000000	79331938424.74967957
701.11000000	54972170686.45639038
701.43000000	54716324817.08049774
701.75000000	58857962697.27403259
702.07000000	63079564114.04686737
702.38000000	44911281489.59474182
702.70000000	62976501305.48303986
703.02000000	62860646941.59127808
703.34000000	49037809015.99613190
703.65000000	53951525054.46625519
703.97000000	58621097795.53187561
704.29000000	67174634794.15670013
704.61000000	63729662077.59701538
704.92000000	55104501607.71707153
705.24000000	61002928257.68667603
705.56000000	53478910041.06011200
705.87000000	53842864125.12215424
706.19000000	66813219238.71347046
706.51000000	72013159956.13345337
706.82000000	59859740259.74025726
707.14000000	77925187032.41900635
707.46000000	79349923819.19758606
707.78000000	81352722353.73687744
708.09000000	68880114860.01435852
708.41000000	63149927603.00119781
708.73000000	80079207920.79208374
709.04000000	66385772913.81668854
709.36000000	81532258064.51615906
709.68000000	82404482934.28417969
709.99000000	54822432141.57603455
710.31000000	61942136923.51755524
710.62000000	77853625403.29420471
710.94000000	85649168690.45391846
711.26000000	84714997232.98278809
711.57000000	98358238301.21905518
711.89000000	113467760309.86555481
712.21000000	63103142422.70655060
712.52000000	94288228392.64753723
712.84000000	73779259259.25926208
713.15000000	78986518636.00317383
713.47000000	76782300339.19216919
713.79000000	109069207183.53045654
714.10000000	99927652733.11889648
714.42000000	99692999608.91676331
714.73000000	78387146371.46365356
715.05000000	119672965116.27902222
715.36000000	108693069306.93069458
715.68000000	114964216005.20497131
715.99000000	89761904761.90478516
716.31000000	81841130932.34603882
716.63000000	98321876263.64750671
716.94000000	75460132621.70465088
717.26000000	45532350931.98005676
717.57000000	78547138047.13804626
717.89000000	73526255893.35063171
718.20000000	107043786982.24864197
718.52000000	76303602058.31904602
718.83000000	104449401267.90335083
719.15000000	62417391304.34782410
719.46000000	64944860449.28522491
719.78000000	95379957022.85609436
720.09000000	107876712328.76704407
720.41000000	115442878711.62553406
720.72000000	123991891891.89189148
721.04000000	122616822429.90644836
721.35000000	113625785431.69657898
721.67000000	117593930635.83819580
721.98000000	116186523437.50015259
722.29000000	110458190148.91168213
722.61000000	118035123441.07926941
722.92000000	137125960969.84022522
723.24000000	118580914904.08265686
723.55000000	115485623726.51126099
723.87000000	107120639857.80929565
724.18000000	97069457659.37202454
724.50000000	129076285644.65034485
724.81000000	123825966850.82882690
725.12000000	118167838312.82957458
725.44000000	108125765618.61981201
725.75000000	125404167620.79235840
726.07000000	104791427477.99475098
726.38000000	99963775023.83221436
726.69000000	134060342623.37016296
727.01000000	120598987007.26702881
727.32000000	122204742362.06124878
727.63000000	155883306320.90768433
727.95000000	84402810304.44961548
728.26000000	145565862708.71997070
728.58000000	115456063452.30632019
728.89000000	140393181193.29122925
729.20000000	144408879710.89294434
729.52000000	148000000000.00000000
729.83000000	72985991995.42601013
730.14000000	113420459666.51663208
730.46000000	123736479842.67448425
730.77000000	95623003194.88813782
731.08000000	117616900071.20811462
731.39000000	137500000000.00000000
731.71000000	113692077727.95201111
732.02000000	100298901098.90109253
732.33000000	126942976356.05006409
732.65000000	134999999999.99989319
732.96000000	96325904722.96046448
733.27000000	119364073980.23820496
733.59000000	69194890929.96554565
733.90000000	67170521036.50040436
734.21000000	152560783075.46582031
734.52000000	152653424251.40817261
734.84000000	72654155495.97848511
735.15000000	165669240669.24057007
735.46000000	163456288120.82498169
735.77000000	163201267828.84310913
736.09000000	144826480023.33056641
736.40000000	104841320553.78062439
736.71000000	113863058061.53129578
737.02000000	223944494995.45022583
737.33000000	170020826102.04769897
737.65000000	168384324510.14089966
737.96000000	144232773595.83108521
738.27000000	146971125515.61593628
738.58000000	93028720626.63188171
738.89000000	145275401069.51870728
739.21000000	181252939200.53729248
739.52000000	236145426114.15194702
739.83000000	142407724272.79412842
740.14000000	191704508061.86267090
740.45000000	174167414050.82211304
740.76000000	213637697103.04379272
741.08000000	171475462077.75668335
741.39000000	157755212564.31079102
741.70000000	220664122137.40496826
742.01000000	149047210300.42919922
742.32000000	115871734975.57876587
742.63000000	131304573804.57405090
742.94000000	210118058592.04214478
743.26000000	136712367095.69123840
743.57000000	132378759143.86332703
743.88000000	114154624277.45669556
744.19000000	143287390029.32550049
744.50000000	171081932773.10903931
744.81000000	90099575880.50891113
745.12000000	169266331658.29144287
745.43000000	171341843088.41851807
745.74000000	91647509578.54397583
746.05000000	131767966739.25946045
746.36000000	352073996873.37139893
746.67000000	138356720827.17886353
746.99000000	263203371970.49542236
747.30000000	192632390745.50128174
747.61000000	206931087289.43338013
747.92000000	200068107787.97760010
748.23000000	155103305785.12417603
748.54000000	206220047249.40957642
748.85000000	203337770382.69580078
749.16000000	180579221575.23791504
749.47000000	226412064238.15103149
749.78000000	213635312259.05929565
750.09000000	178937681627.38116455
750.40000000	198363074811.25564575
750.71000000	243587301587.30157471
751.02000000	194332998996.99072266
751.33000000	192658269804.44104004
751.64000000	145494367959.94995117
751.95000000	167682821909.95132446
752.26000000	163624699278.26766968
752.57000000	181504141063.31854248
752.88000000	298639937106.91864014
753.19000000	230365448504.98339844
753.50000000	172319058352.11611938
753.81000000	244538745387.45388794
754.11000000	228637873754.15283203
754.42000000	102425956243.48852539
754.73000000	250254545454.54544067
755.04000000	222934888241.01083374
755.35000000	225343811394.89221191
755.66000000	128228060368.92123413
755.97000000	303573064590.01409912
756.28000000	232926300578.03451538
756.59000000	170026371308.01696777
756.90000000	116021320495.18580627
757.21000000	223511096389.53323364
757.52000000	179079844206.42639160
757.82000000	208520408163.26519775
758.13000000	270463235294.11764526
758.44000000	187360631475.08651733
758.75000000	227332944266.12210083
759.06000000	372760765550.23840332
759.37000000	330713251267.19787598
759.68000000	221767719897.52337646
759.98000000	290480984340.04492188
760.29000000	221452529846.50357056
760.60000000	220222155508.85656738
760.91000000	311490445859.87261963
761.22000000	257067340067.34005737
761.53000000	266309182209.46899414
761.83000000	271078936929.78936768
762.14000000	258813996316.75875854
762.45000000	282392561983.47106934
762.76000000	387159090909.09088135
763.07000000	210194436135.20779419
763.37000000	105284301606.92201233
763.68000000	154149293880.29577637
763.99000000	121774393483.26548767
764.30000000	156488333726.13708496
764.60000000	230949565217.39129639
764.91000000	183866310160.42779541
765.22000000	214534812076.40148926
765.53000000	147187559626.02545166
765.84000000	263384467881.11248779
766.14000000	308198881789.13781738
766.45000000	445235008103.72790527
766.76000000	178113248325.04833984
767.06000000	217489156626.50601196
767.37000000	372076677316.29309082
767.68000000	323612365404.65380859
767.99000000	350269312544.29504395
768.29000000	482514177693.76306152
768.60000000	391938579654.51055908
768.91000000	254850605652.75909424
769.21000000	217141641854.53005981
769.52000000	236895494220.33517456
769.83000000	359284436493.73883057
770.13000000	367121810995.32855225
770.44000000	473447636700.64935303
770.75000000	313482800982.80065918
771.05000000	354532823897.18585205
771.36000000	277062975027.14398193
771.67000000	274087003222.34182739
771.97000000	348242920504.94775391
772.28000000	313896713615.02349854
772.59000000	328729996595.16534424
772.89000000	270821879382.88919067
773.20000000	503116206357.47760010
773.51000000	388558352402.74627686
773.81000000	202110110948.29360962
774.12000000	365989385898.40826416
774.42000000	306209958769.42578125
774.73000000	515632754342.43176270
775.04000000	507924720244.15081787
775.34000000	119006077940.65065002
775.65000000	401612903225.80572510
775.95000000	268183846497.09960938
776.26000000	386700125470.51422119
776.56000000	480062305295.95153809
776.87000000	412860013395.84680176
777.18000000	14181525365.23639679
777.48000000	259100462379.15081787
777.79000000	529402129402.12982178
778.09000000	323766591535.18719482
778.40000000	578677952438.53417969
778.70000000	689246279404.70410156
779.01000000	392903045543.44830322
779.31000000	512563008918.18609619
779.62000000	545788604459.12512207
779.92000000	435551894563.42669678
780.23000000	454357879758.09411621
780.53000000	585494402985.07556152
780.84000000	507473162675.47326660
781.14000000	548885002186.26959229
781.45000000	615041646251.83618164
781.75000000	323532508554.88238525
782.06000000	623233404710.92016602
782.36000000	472867587327.37646484
782.67000000	573539140022.05187988
782.97000000	nan
783.28000000	nan
783.58000000	nan
783.89000000	nan
784.19000000	nan
784.49000000	nan
784.80000000	nan
785.10000000	nan
785.41000000	nan
785.71000000	nan
786.02000000	nan
786.32000000	nan
786.62000000	nan
786.93000000	nan
787.23000000	nan
787.54000000	nan
787.84000000	nan
788.14000000	nan
788.45000000	nan
788.75000000	nan
789.05000000	nan
789.36000000	nan
789.66000000	nan
789.96000000	nan
790.27000000	nan
790.57000000	nan
790.87000000	nan
791.18000000	nan
791.48000000	nan
791.78000000	nan
792.09000000	nan
792.39000000	nan
792.69000000	nan
793.00000000	nan
793.30000000	nan
793.60000000	nan
793.90000000	nan
794.21000000	nan
794.51000000	nan
794.81000000	nan
795.11000000	nan
795.42000000	nan
795.72000000	nan
796.02000000	nan
796.32000000	nan
796.63000000	nan
796.93000000	nan
797.23000000	nan
797.53000000	nan
797.84000000	nan
798.14000000	nan
798.44000000	nan
798.74000000	nan
799.04000000	nan
799.34000000	nan
799.65000000	nan
799.95000000	nan
800.25000000	nan
800.55000000	nan
800.85000000	nan
801.15000000	nan
801.46000000	nan
801.76000000	nan
802.06000000	nan
802.36000000	nan
802.66000000	nan
802.96000000	nan
803.26000000	nan
803.56000000	nan
803.87000000	nan
804.17000000	nan
804.47000000	nan
804.77000000	nan
805.07000000	nan
805.37000000	nan
805.67000000	nan
805.97000000	nan
806.27000000	nan
806.57000000	nan
806.87000000	nan
807.17000000	nan
807.47000000	nan
807.77000000	nan
808.07000000	nan
808.37000000	nan
808.67000000	nan
808.98000000	nan
809.28000000	nan
809.58000000	nan
809.88000000	nan
810.18000000	nan
810.47000000	nan
810.77000000	nan
811.07000000	nan
811.37000000	nan
811.67000000	nan
811.97000000	nan
812.27000000	nan
812.57000000	nan
812.87000000	nan
813.17000000	nan
813.47000000	nan
813.77000000	nan
814.07000000	nan
814.37000000	nan
814.67000000	nan
814.97000000	nan
815.27000000	nan
815.56000000	nan
815.86000000	nan
816.16000000	nan
816.46000000	nan
816.76000000	nan
817.06000000	nan
817.36000000	nan
817.66000000	nan
817.95000000	nan
818.25000000	nan
818.55000000	nan
818.85000000	nan
819.15000000	nan
819.45000000	nan
819.75000000	nan
820.04000000	nan
820.34000000	nan
820.64000000	nan
820.94000000	nan
821.24000000	nan
821.53000000	nan
821.83000000	nan
822.13000000	nan
822.43000000	nan
822.72000000	nan
823.02000000	nan
823.32000000	nan
823.62000000	nan
823.91000000	nan
824.21000000	nan
824.51000000	nan
824.81000000	nan
825.10000000	nan
825.40000000	nan
825.70000000	nan
826.00000000	nan
826.29000000	nan
826.59000000	nan
826.89000000	nan
827.18000000	nan
827.48000000	nan
827.78000000	nan
828.07000000	nan
828.37000000	nan
828.67000000	nan
828.96000000	nan
829.26000000	nan
829.56000000	nan
829.85000000	nan
830.15000000	nan
830.45000000	nan
830.74000000	nan
831.04000000	nan
831.34000000	nan
831.63000000	nan
831.93000000	nan
832.22000000	nan
832.52000000	nan
832.82000000	nan
833.11000000	nan
833.41000000	nan
833.70000000	nan
834.00000000	nan
834.29000000	nan
834.59000000	nan
834.89000000	nan
835.18000000	nan
835.48000000	nan
835.77000000	nan
836.07000000	nan
836.36000000	nan
836.66000000	nan
836.95000000	nan
837.25000000	nan
837.54000000	nan
837.84000000	nan
838.13000000	nan
838.43000000	nan
838.72000000	nan
839.02000000	nan
839.31000000	nan
839.61000000	nan
839.90000000	nan
840.20000000	nan
840.49000000	nan
840.78000000	nan
841.08000000	nan
841.37000000	nan
841.67000000	nan
841.96000000	nan
842.26000000	nan
842.55000000	nan
842.84000000	nan
843.14000000	nan
843.43000000	nan
843.73000000	nan
844.02000000	nan
844.31000000	nan
844.61000000	nan
844.90000000	nan
845.20000000	nan
845.49000000	nan
845.78000000	nan
846.08000000	nan
846.37000000	nan
846.66000000	nan
846.96000000	nan
847.25000000	nan
847.54000000	nan
847.84000000	nan
848.13000000	nan
848.42000000	nan
848.72000000	nan
849.01000000	nan
849.30000000	nan
849.59000000	nan
849.89000000	nan
850.18000000	nan
850.47000000	nan
850.76000000	nan
851.06000000	nan
851.35000000	nan
851.64000000	nan
851.93000000	nan
852.23000000	nan
852.52000000	nan
852.81000000	nan
853.10000000	nan
853.40000000	nan
853.69000000	nan
853.98000000	nan
854.27000000	nan
854.56000000	nan
854.86000000	nan
855.15000000	nan
855.44000000	nan
855.73000000	nan
856.02000000	nan
856.31000000	nan
856.61000000	nan
856.90000000	nan
857.19000000	nan
857.48000000	nan
857.77000000	nan
858.06000000	nan
858.35000000	nan
858.65000000	nan
858.94000000	nan
859.23000000	nan
859.52000000	nan
859.81000000	nan
860.10000000	nan
860.39000000	nan
860.68000000	nan
860.97000000	nan
861.26000000	nan
861.55000000	nan
861.85000000	nan
862.14000000	nan
862.43000000	nan
862.72000000	nan
863.01000000	nan
863.30000000	nan
863.59000000	nan
863.88000000	nan
864.17000000	nan
864.46000000	nan
864.75000000	nan
865.04000000	nan
865.33000000	nan
865.62000000	nan
865.91000000	nan
866.20000000	nan
866.49000000	nan
866.78000000	nan
867.07000000	nan
867.36000000	nan
867.65000000	nan
867.93000000	nan
868.22000000	nan
868.51000000	nan
868.80000000	nan
869.09000000	nan
869.38000000	nan
869.67000000	nan
869.96000000	nan
870.25000000	nan
