Jun 27, 2025  11:53:40 AM
Residual Gas Analyzer Software 
RGA Software Version, 3.218.004

Pressure vs Time Scan Setup:

Active channels in Scan, 5 
Units, Torr
Sample Period, 1.00, sec
Focus Voltage, 90, Volts 
Ion Energy, HIGH 
Electron Energy, 70, eV 
CEM Voltage, 1200, Volts
CEM Gain, 1.02E+003 
Sensitivity Factor, 1.56E-004 
Filament Current, 1.00, mAmps
Start time, Jun 27, 2025  11:53:40 AM 
Channel,  Mass(amu),     Name,                 Cal Factor,  Noise Floor, CEM Status

1         28.00          Nitrogen              1.00         3            OFF
2         32.00          Oxygen                1.00         3            OFF
3         18.00          Water                 1.00         3            OFF
4         40.00          Argon                 1.00         3            OFF
5         69.00          CF4                   1.00         3            OFF


Time(s)      Channel#1   Channel#2   Channel#3   Channel#4   Channel#5   

0.000,  -2.7017E-010,  -2.3496E-010,   1.1844E-007,   1.4302E-009,   1.1940E-009,  
2.028,   1.2257E-008,   8.6428E-011,   1.0310E-007,   7.5032E-010,   6.6581E-010,  
4.056,   1.4337E-008,   1.8502E-010,   1.0213E-007,   7.0871E-010,   7.5608E-010,  
6.084,   1.3983E-008,   1.0691E-010,   1.0271E-007,   7.8361E-010,   7.5544E-010,  
8.112,   1.3971E-008,   1.9910E-010,   1.0297E-007,   6.8374E-010,   8.6620E-010,  
10.140,   1.3617E-008,   7.9385E-011,   1.0379E-007,   9.3726E-010,   1.0659E-009,  
12.168,   1.4157E-008,   1.2676E-010,   1.0389E-007,   8.8732E-010,   1.0173E-009,  
14.196,   1.3770E-008,   5.8259E-011,   1.0281E-007,   8.1370E-010,   1.2074E-009,  
16.224,   1.3844E-008,   1.2292E-010,   1.0338E-007,   8.4443E-010,   1.0275E-009,  
18.252,   1.3734E-008,   1.2164E-011,   1.0357E-007,   7.9065E-010,   9.5519E-010,  
20.280,   1.4109E-008,   2.5608E-011,   1.0291E-007,   5.6466E-010,   1.0896E-009,  
22.308,   1.3816E-008,   1.7926E-010,   1.0189E-007,   8.0474E-010,   1.2036E-009,  
24.336,   1.4016E-008,   1.8822E-010,   1.0253E-007,   7.0679E-010,   1.2490E-009,  
26.364,   1.3982E-008,   2.2855E-010,   1.0207E-007,   6.5557E-010,   1.4206E-009,  
28.392,   1.4175E-008,   3.0346E-010,   1.0178E-007,   9.2830E-010,   1.3284E-009,  
30.420,   1.4119E-008,   2.0487E-010,   1.0197E-007,   7.6184E-010,   1.4782E-009,  
32.448,   1.4227E-008,   1.3060E-010,   1.0222E-007,   7.1767E-010,   1.4341E-009,  
34.476,   1.4396E-008,   2.1383E-010,   1.0246E-007,   9.4302E-010,   1.3995E-009,  
36.504,   1.4383E-008,   2.7721E-010,   1.0213E-007,   8.3611E-010,   1.5698E-009,  
38.532,   1.4381E-008,   2.7081E-010,   1.0240E-007,   7.9257E-010,   1.6428E-009,  
40.560,   1.4489E-008,   9.0269E-011,   1.0320E-007,   8.6044E-010,   1.7324E-009,  
42.588,   1.4458E-008,   9.9232E-011,   1.0289E-007,   7.8297E-010,   1.6620E-009,  
44.616,   1.4491E-008,   9.5391E-011,   1.0298E-007,   8.0218E-010,   1.6447E-009,  
46.644,   1.4512E-008,  -2.9449E-011,   1.0296E-007,   8.3739E-010,   1.6287E-009,  
48.672,   2.6947E-008,   2.8745E-010,   1.0324E-007,   7.5608E-010,   1.7061E-009,  
50.700,   1.4919E-008,   3.1114E-010,   1.0255E-007,   8.0346E-010,   1.7106E-009,  
52.728,   1.4895E-008,   2.9641E-010,   1.0290E-007,   8.0858E-010,   1.7663E-009,  
54.756,   1.5106E-008,   1.4341E-010,   1.0344E-007,   7.9834E-010,   1.9949E-009,  
56.784,   1.5077E-008,   1.4981E-010,   1.0366E-007,   9.5711E-010,   1.9219E-009,  
58.812,   1.5313E-008,   1.2420E-010,   1.0228E-007,   9.2061E-010,   1.6850E-009,  
60.840,   1.5431E-008,   2.4584E-010,   1.0304E-007,   8.0986E-010,   1.8131E-009,  
62.868,   1.5497E-008,   2.9449E-010,   1.0317E-007,   8.5787E-010,   2.0672E-009,  
64.896,   1.5233E-008,   1.6261E-010,   1.0341E-007,   8.7644E-010,   1.9885E-009,  
66.924,   1.5597E-008,   2.3175E-010,   1.0364E-007,   8.9629E-010,   1.9360E-009,  
68.952,   1.5561E-008,   2.1895E-010,   1.0367E-007,   8.9821E-010,   2.1242E-009,  
70.980,   1.5606E-008,   3.0218E-010,   1.0410E-007,   9.1613E-010,   2.0154E-009,  
73.008,   1.5826E-008,   2.2855E-010,   1.0380E-007,   9.2702E-010,   1.8937E-009,  
75.036,   1.6161E-008,   2.4264E-010,   1.0349E-007,   8.1306E-010,   2.1306E-009,  
77.064,   1.5770E-008,   1.3252E-010,   1.0368E-007,   8.3291E-010,   2.0589E-009,  
79.092,   1.5872E-008,   1.2420E-010,   1.0421E-007,   9.7183E-010,   2.2189E-009,  
81.120,   1.6125E-008,   2.9449E-010,   1.0410E-007,   8.8604E-010,   2.1831E-009,  
83.148,   1.6055E-008,   1.8886E-010,   1.0435E-007,   9.1357E-010,   2.1799E-009,  
85.176,   1.6372E-008,   2.7849E-010,   1.0437E-007,   8.4507E-010,   2.1133E-009,  
87.204,   1.6199E-008,   1.6261E-010,   1.0420E-007,   9.3214E-010,   2.2554E-009,  
89.232,   1.6256E-008,   2.3752E-010,   1.0395E-007,   8.3163E-010,   2.0506E-009,  
91.260,   1.6197E-008,   3.0666E-010,   1.0442E-007,   9.5070E-010,   2.4417E-009,  
93.288,   1.6462E-008,   2.5160E-010,   1.0443E-007,   1.0314E-009,   2.2087E-009,  
95.316,   1.6573E-008,   2.6056E-010,   1.0512E-007,   1.0237E-009,   2.4245E-009,  
97.344,   1.6554E-008,   2.3303E-010,   1.0508E-007,   9.5070E-010,   2.3956E-009,  
99.372,   1.6652E-008,   1.2228E-010,   1.0523E-007,   9.7951E-010,   2.1236E-009,  
101.401,   2.0783E-008,   3.8028E-010,   1.0571E-007,   9.3342E-010,   2.2516E-009,  
103.429,   1.6832E-008,   1.3636E-010,   1.0539E-007,   9.1293E-010,   2.2746E-009,  
105.457,   1.7010E-008,   1.8438E-010,   1.0613E-007,   8.7452E-010,   2.1370E-009,  
107.485,   1.7133E-008,   9.9232E-011,   1.0620E-007,   1.0583E-009,   2.2202E-009,  
109.513,   1.7004E-008,   2.6248E-010,   1.0575E-007,   8.4635E-010,   2.3092E-009,  
111.541,   1.6930E-008,   1.9206E-010,   1.0610E-007,   9.6095E-010,   2.3015E-009,  
113.569,   1.7272E-008,   2.2087E-010,   1.0618E-007,   9.6415E-010,   2.3406E-009,  
115.597,   1.7177E-008,   2.3047E-010,   1.0629E-007,   9.9168E-010,   2.3944E-009,  
117.625,   1.7303E-008,   2.2599E-010,   1.0572E-007,   1.0230E-009,   2.1991E-009,  
119.653,   1.7675E-008,   2.5544E-010,   1.0729E-007,   8.7324E-010,   2.3470E-009,  
121.681,   1.7593E-008,   3.2202E-010,   1.0653E-007,   9.1741E-010,   2.1677E-009,  
123.709,   1.7385E-008,   1.1012E-010,   1.0694E-007,   1.0807E-009,   2.4603E-009,  
125.737,   1.7351E-008,   1.1780E-010,   1.0640E-007,   1.0570E-009,   2.3451E-009,  
127.765,   1.7666E-008,   1.2164E-010,   1.0591E-007,   1.0134E-009,   2.4257E-009,  
129.793,   1.7727E-008,   2.5992E-010,   1.0715E-007,   9.8656E-010,   2.4782E-009,  
131.821,   1.7837E-008,   3.2971E-010,   1.0678E-007,   9.6607E-010,   2.6504E-009,  
133.849,   1.7641E-008,   2.6953E-010,   1.0750E-007,   1.0230E-009,   2.4136E-009,  
135.877,   1.7856E-008,   2.4712E-010,   1.0632E-007,   1.1985E-009,   2.5480E-009,  
137.905,   1.8311E-008,   1.7798E-010,   1.0792E-007,   1.0653E-009,   2.4789E-009,  
139.933,   1.8086E-008,   2.0038E-010,   1.0715E-007,   8.7964E-010,   2.6658E-009,  
141.961,   1.8149E-008,   1.8502E-010,   1.0756E-007,   9.5903E-010,   2.5250E-009,  
143.989,   1.8258E-008,   3.3419E-010,   1.0804E-007,   9.3598E-010,   2.5621E-009,  
146.017,   1.8086E-008,   3.0346E-010,   1.0813E-007,   1.1581E-009,   2.6536E-009,  
148.045,   1.8447E-008,   3.3803E-010,   1.0910E-007,   1.1165E-009,   2.5051E-009,  
150.073,   1.8253E-008,   2.9898E-010,   1.0793E-007,   1.1588E-009,   2.6140E-009,  
152.101,   1.8268E-008,   3.0666E-010,   1.0896E-007,   2.9206E-009,   2.8188E-009,  
154.129,   1.8771E-008,   3.8668E-010,   1.1386E-007,   3.3684E-007,   3.6825E-009,  
156.157,   4.3931E-008,   9.6543E-010,   1.3315E-007,   5.6382E-006,   3.5499E-009,  
158.185,   1.4138E-007,   6.2516E-009,   2.4806E-007,   4.6898E-005,   8.2740E-009,  
160.213,   2.4640E-007,   6.0173E-009,   2.5388E-007,   5.3102E-005,   8.0166E-009,  
162.241,   2.2503E-007,   6.4270E-009,   2.4836E-007,   5.5518E-005,   7.4712E-009,  
164.269,   2.3279E-007,   7.0186E-009,   2.7297E-007,   5.9621E-005,   7.6504E-009,  
166.297,   2.3594E-007,   7.4898E-009,   3.4765E-007,   6.5035E-005,   7.3374E-009,  
168.325,   2.4243E-007,   8.4795E-009,   4.1015E-007,   7.5837E-005,   7.4507E-009,  
170.353,   2.4152E-007,   9.9571E-009,   3.2312E-007,   8.1262E-005,   7.0627E-009,  
172.381,   2.4056E-007,   1.0959E-008,   3.0298E-007,   8.5036E-005,   6.7093E-009,  
174.409,   3.5041E-007,   1.1072E-008,   2.9264E-007,   8.4554E-005,   6.3777E-009,  
176.437,   2.1159E-007,   1.0777E-008,   2.7329E-007,   8.5166E-005,   5.9174E-009,  
178.465,   2.0032E-007,   1.1141E-008,   2.5033E-007,   8.2876E-005,   5.0781E-009,  
180.493,   1.8683E-007,   1.1327E-008,   2.3021E-007,   7.5174E-005,   4.1761E-009,  
182.521,   1.7127E-007,   1.1062E-008,   2.2286E-007,   7.4022E-005,   3.9738E-009,  
184.549,   1.6574E-007,   1.0821E-008,   2.2271E-007,   7.4476E-005,   4.0237E-009,  
186.577,   1.5976E-007,   1.0204E-008,   2.1960E-007,   7.4504E-005,   3.8348E-009,  
188.605,   1.5487E-007,   9.8335E-009,   2.1874E-007,   7.4157E-005,   3.8745E-009,  
190.633,   1.5061E-007,   9.2279E-009,   2.1811E-007,   7.4029E-005,   3.6978E-009,  
192.661,   1.4529E-007,   8.7958E-009,   2.1795E-007,   7.4121E-005,   3.7439E-009,  
194.689,   1.4073E-007,   8.4981E-009,   2.1656E-007,   7.4776E-005,   3.6601E-009,  
196.717,   1.3676E-007,   8.0883E-009,   2.3152E-007,   7.4655E-005,   3.6229E-009,  
198.745,   1.3565E-007,   7.6882E-009,   2.1575E-007,   7.4486E-005,   3.4411E-009,  
200.773,   1.3064E-007,   7.3143E-009,   2.1798E-007,   7.4590E-005,   3.3745E-009,  
202.801,   1.2671E-007,   6.9802E-009,   2.1829E-007,   7.4539E-005,   3.2881E-009,  
204.829,   1.2408E-007,   6.3976E-009,   2.1849E-007,   7.4740E-005,   3.5154E-009,  
206.857,   1.1966E-007,   6.2503E-009,   2.2019E-007,   7.4463E-005,   3.2183E-009,  
208.885,   1.1666E-007,   5.7657E-009,   2.1830E-007,   7.5071E-005,   3.2292E-009,  
210.913,   1.1321E-007,   5.5339E-009,   2.1848E-007,   7.5092E-005,   3.0928E-009,  
212.941,   1.1093E-007,   5.1946E-009,   2.1737E-007,   7.5141E-005,   2.9616E-009,  
214.969,   1.0899E-007,   4.9539E-009,   2.1701E-007,   7.4737E-005,   3.1581E-009,  
216.997,   1.0774E-007,   4.5563E-009,   2.1742E-007,   7.4971E-005,   2.9373E-009,  
219.025,   1.0384E-007,   4.5499E-009,   2.1781E-007,   7.4807E-005,   2.9635E-009,  
221.053,   1.0340E-007,   4.2548E-009,   2.1832E-007,   7.5312E-005,   2.8291E-009,  
223.081,   1.0120E-007,   4.0941E-009,   2.1860E-007,   7.5086E-005,   2.8067E-009,  
225.109,   9.9923E-008,   3.9187E-009,   2.1846E-007,   7.4954E-005,   2.8547E-009,  
227.137,   9.7510E-008,   3.6933E-009,   2.1651E-007,   7.4723E-005,   2.8163E-009,  
229.165,   9.6013E-008,   3.5506E-009,   2.1607E-007,   7.5108E-005,   2.8182E-009,  
231.193,   9.4805E-008,   3.4552E-009,   2.1752E-007,   7.4846E-005,   2.7324E-009,  
233.221,   9.3154E-008,   3.1857E-009,   2.1654E-007,   7.5372E-005,   2.7023E-009,  
235.249,   9.2231E-008,   3.1793E-009,   2.1654E-007,   7.4976E-005,   2.6569E-009,  
237.277,   9.1718E-008,   3.1178E-009,   2.1786E-007,   7.4854E-005,   2.7202E-009,  
239.305,   9.0017E-008,   2.9622E-009,   2.1783E-007,   7.4972E-005,   2.4635E-009,  
241.333,   9.0360E-008,   2.6991E-009,   2.1821E-007,   7.5421E-005,   2.5980E-009,  
243.361,   8.9559E-008,   2.4405E-009,   2.1852E-007,   7.5222E-005,   2.6812E-009,  
245.389,   8.7659E-008,   2.5679E-009,   2.1821E-007,   7.5385E-005,   2.5576E-009,  
247.417,   8.6937E-008,   2.6024E-009,   2.1799E-007,   7.5599E-005,   2.4930E-009,  
249.445,   8.6336E-008,   2.4469E-009,   2.1797E-007,   7.5166E-005,   2.5749E-009,  
251.473,   8.5117E-008,   2.2318E-009,   2.1810E-007,   7.5463E-005,   2.5371E-009,  
253.501,   8.4737E-008,   2.4449E-009,   2.1915E-007,   7.5656E-005,   2.2894E-009,  
255.529,   8.3941E-008,   2.3009E-009,   2.1893E-007,   7.5466E-005,   2.5768E-009,  
257.558,   8.3416E-008,   2.1876E-009,   2.1774E-007,   7.5303E-005,   2.4955E-009,  
259.586,   8.3076E-008,   2.1012E-009,   2.1916E-007,   7.5434E-005,   2.6063E-009,  
261.614,   8.3312E-008,   2.0903E-009,   2.1906E-007,   7.5358E-005,   2.4962E-009,  
263.642,   8.1753E-008,   2.0602E-009,   2.1914E-007,   7.5437E-005,   2.4411E-009,  
265.670,   8.1790E-008,   1.8137E-009,   2.1988E-007,   7.5341E-005,   2.4699E-009,  
267.698,   8.1136E-008,   1.9571E-009,   2.1896E-007,   7.5420E-005,   2.3553E-009,  
269.726,   8.0898E-008,   1.8956E-009,   2.1870E-007,   7.5316E-005,   2.4629E-009,  
271.754,   8.0258E-008,   1.7356E-009,   2.2010E-007,   7.5734E-005,   2.5019E-009,  
273.782,   8.0235E-008,   1.8195E-009,   2.1993E-007,   7.5746E-005,   2.6844E-009,  
275.810,   7.9452E-008,   1.6921E-009,   2.1992E-007,   7.5221E-005,   2.4629E-009,  
277.838,   7.9955E-008,   1.6959E-009,   2.2035E-007,   7.5863E-005,   2.3470E-009,  
279.866,   7.9397E-008,   1.8668E-009,   2.1933E-007,   7.5646E-005,   2.2913E-009,  
281.894,   7.9298E-008,   1.6063E-009,   2.2091E-007,   7.5471E-005,   2.5102E-009,  
283.922,   7.9373E-008,   1.7612E-009,   2.2277E-007,   7.5650E-005,   2.5173E-009,  
285.950,   7.8842E-008,   1.4853E-009,   2.2075E-007,   7.5817E-005,   2.5519E-009,  
287.978,   8.6610E-008,   1.6223E-009,   2.2206E-007,   7.5919E-005,   2.5442E-009,  
290.006,   7.8237E-008,   1.7471E-009,   2.2205E-007,   7.5800E-005,   2.6101E-009,  
292.034,   7.7853E-008,   1.5653E-009,   2.2162E-007,   7.6075E-005,   2.5762E-009,  
294.062,   7.7633E-008,   1.4552E-009,   2.2190E-007,   7.6132E-005,   2.5192E-009,  
296.090,   7.7822E-008,   1.5416E-009,   2.2160E-007,   7.5676E-005,   2.2932E-009,  
298.118,   7.7760E-008,   1.5198E-009,   2.2311E-007,   7.5942E-005,   2.5679E-009,  
300.146,   7.7808E-008,   1.4513E-009,   2.2211E-007,   7.5973E-005,   2.5544E-009,  
302.174,   7.7208E-008,   1.4494E-009,   2.2203E-007,   7.5422E-005,   2.4052E-009,  
304.202,   7.7272E-008,   1.4635E-009,   2.2286E-007,   7.5906E-005,   2.4398E-009,  
306.230,   7.7107E-008,   1.3675E-009,   2.2254E-007,   7.5638E-005,   2.4994E-009,  
308.258,   7.6378E-008,   1.3137E-009,   2.2403E-007,   7.6113E-005,   2.4802E-009,  
310.286,   7.6596E-008,   1.3988E-009,   2.2304E-007,   7.5576E-005,   2.5288E-009,  
312.314,   7.6072E-008,   1.3675E-009,   2.2491E-007,   7.5883E-005,   2.4878E-009,  
314.342,   7.5402E-008,   1.4398E-009,   2.2626E-007,   7.6049E-005,   2.6184E-009,  
316.370,   7.5965E-008,   1.2241E-009,   2.2444E-007,   7.5785E-005,   2.6108E-009,  
318.398,   7.6643E-008,   1.3015E-009,   2.2334E-007,   7.5997E-005,   2.4488E-009,  
320.426,   7.6261E-008,   1.3732E-009,   2.2570E-007,   7.5354E-005,   2.4213E-009,  
322.454,   7.6443E-008,   1.4802E-009,   2.2597E-007,   7.5563E-005,   2.4565E-009,  
324.482,   7.5134E-008,   1.2010E-009,   2.2472E-007,   7.6020E-005,   2.5269E-009,  
326.510,   7.5107E-008,   1.2644E-009,   2.2688E-007,   7.5917E-005,   2.5999E-009,  
328.538,   7.5590E-008,   1.3937E-009,   2.2661E-007,   7.5967E-005,   2.6716E-009,  
330.566,   7.6115E-008,   1.2554E-009,   2.2823E-007,   7.5557E-005,   2.5640E-009,  
332.594,   7.5914E-008,   1.3873E-009,   2.2805E-007,   7.5467E-005,   2.6229E-009,  
334.622,   7.5275E-008,   1.3207E-009,   2.2712E-007,   7.6023E-005,   2.4712E-009,  
336.650,   7.5471E-008,   1.3758E-009,   2.2857E-007,   7.5896E-005,   2.6229E-009,  
338.678,   7.4798E-008,   1.3271E-009,   2.2757E-007,   7.5933E-005,   2.5032E-009,  
340.706,   7.5202E-008,   1.2125E-009,   2.2820E-007,   7.6055E-005,   2.5371E-009,  
342.734,   7.4836E-008,   1.3739E-009,   2.2778E-007,   7.5985E-005,   2.4219E-009,  
344.762,   7.5545E-008,   1.2324E-009,   2.2840E-007,   7.5924E-005,   2.4866E-009,  
346.790,   7.4736E-008,   1.3822E-009,   2.2961E-007,   7.5843E-005,   2.4603E-009,  
348.818,   7.5134E-008,   1.3323E-009,   2.3058E-007,   7.6125E-005,   2.7503E-009,  
350.846,   7.5118E-008,   1.2740E-009,   2.3114E-007,   7.6037E-005,   2.5320E-009,  
352.874,   7.5146E-008,   1.2913E-009,   2.3075E-007,   7.6189E-005,   2.7023E-009,  
354.902,   7.5225E-008,   1.4046E-009,   2.3199E-007,   7.6379E-005,   2.6223E-009,  
356.930,   7.4721E-008,   1.3329E-009,   2.3029E-007,   7.6114E-005,   2.5999E-009,  
358.958,   7.4036E-008,   1.4232E-009,   2.3170E-007,   7.6337E-005,   2.4232E-009,  
360.986,   7.5189E-008,   1.4347E-009,   2.3107E-007,   7.6118E-005,   2.7394E-009,  
363.014,   7.4269E-008,   1.2823E-009,   2.3186E-007,   7.5824E-005,   2.5723E-009,  
365.042,   7.4324E-008,   1.2843E-009,   2.3107E-007,   7.5955E-005,   2.4942E-009,  
367.070,   7.4836E-008,   1.2804E-009,   2.3231E-007,   7.6035E-005,   2.4296E-009,  
369.098,   7.4138E-008,   1.2157E-009,   2.3128E-007,   7.6704E-005,   2.5576E-009,  
371.126,   7.4230E-008,   1.2746E-009,   2.3288E-007,   7.6395E-005,   2.6146E-009,  
373.154,   7.4975E-008,   1.2119E-009,   2.3288E-007,   7.6252E-005,   2.5627E-009,  
375.182,   7.4445E-008,   1.3246E-009,   2.3333E-007,   7.6299E-005,   2.5909E-009,  
377.210,   7.4094E-008,   1.3521E-009,   2.3352E-007,   7.5926E-005,   2.5551E-009,  
379.238,   7.4587E-008,   1.2695E-009,   2.3353E-007,   7.6510E-005,   2.6601E-009,  
381.266,   7.4674E-008,   1.2394E-009,   2.3370E-007,   7.6677E-005,   2.5915E-009,  
383.294,   7.3853E-008,   1.2958E-009,   2.3363E-007,   7.5881E-005,   2.6351E-009,  
385.322,   7.4243E-008,   1.2759E-009,   2.3511E-007,   7.6131E-005,   2.4866E-009,  
387.350,   7.3455E-008,   1.3617E-009,   2.3430E-007,   7.5893E-005,   2.5685E-009,  
389.378,   7.4417E-008,   1.0371E-009,   2.3516E-007,   7.6162E-005,   2.5448E-009,  
391.406,   7.3994E-008,   1.1575E-009,   2.3437E-007,   7.6220E-005,   2.5679E-009,  
393.434,   7.4278E-008,   1.1332E-009,   2.3546E-007,   7.6484E-005,   2.5487E-009,  
395.462,   7.4617E-008,   1.2100E-009,   2.3335E-007,   7.6439E-005,   2.7452E-009,  
397.490,   7.4508E-008,   1.0698E-009,   2.3668E-007,   7.6291E-005,   2.4552E-009,  
399.518,   7.3798E-008,   1.0538E-009,   2.3508E-007,   7.6310E-005,   2.7663E-009,  
401.546,   7.4428E-008,   1.0307E-009,   2.3646E-007,   7.5976E-005,   2.5365E-009,  
403.574,   7.4339E-008,   1.1460E-009,   2.3760E-007,   7.6240E-005,   2.4930E-009,  
405.602,   7.4480E-008,   1.2939E-009,   2.3772E-007,   7.6208E-005,   2.6421E-009,  
407.630,   7.4107E-008,   1.2926E-009,   2.3768E-007,   7.6355E-005,   2.7029E-009,  
409.658,   7.4192E-008,   1.2843E-009,   2.3709E-007,   7.6503E-005,   2.6146E-009,  
411.686,   7.4078E-008,   1.2446E-009,   2.3678E-007,   7.6567E-005,   2.5166E-009,  
413.715,   7.4462E-008,   9.9104E-010,   2.3761E-007,   7.6201E-005,   2.7426E-009,  
415.743,   7.4371E-008,   1.3284E-009,   2.3842E-007,   7.6477E-005,   2.7510E-009,  
417.771,   7.4110E-008,   1.3790E-009,   2.3835E-007,   7.7013E-005,   2.7266E-009,  
419.799,   7.4169E-008,   1.3528E-009,   2.3893E-007,   7.6432E-005,   2.5915E-009,  
421.827,   7.3491E-008,   1.2759E-009,   2.3934E-007,   7.6600E-005,   2.7119E-009,  
423.855,   7.3942E-008,   1.3406E-009,   2.3875E-007,   7.6471E-005,   2.7478E-009,  
425.883,   7.4287E-008,   1.3745E-009,   2.3886E-007,   7.6477E-005,   2.6613E-009,  
427.911,   7.3811E-008,   1.6248E-009,   2.3930E-007,   7.6658E-005,   2.7241E-009,  
429.939,   7.4177E-008,   1.1825E-009,   2.3861E-007,   7.6163E-005,   2.5941E-009,  
431.967,   7.3999E-008,   1.3316E-009,   2.4007E-007,   7.6432E-005,   2.6869E-009,  
433.995,   7.4881E-008,   1.1152E-009,   2.4176E-007,   7.6375E-005,   2.7746E-009,  
436.023,   7.3842E-008,   1.2964E-009,   2.4154E-007,   7.6690E-005,   2.7574E-009,  
438.051,   7.4501E-008,   1.1882E-009,   2.3999E-007,   7.6535E-005,   2.6837E-009,  
440.079,   7.3711E-008,   1.2855E-009,   2.4288E-007,   7.6690E-005,   2.6312E-009,  
442.107,   7.5143E-008,   1.2625E-009,   2.4338E-007,   7.7150E-005,   2.5256E-009,  
444.135,   7.4010E-008,   1.1242E-009,   2.4241E-007,   7.6458E-005,   2.5256E-009,  
446.163,   7.3979E-008,   1.1165E-009,   2.4307E-007,   7.6774E-005,   2.5179E-009,  
448.191,   7.4035E-008,   1.1613E-009,   2.4390E-007,   7.6303E-005,   2.7106E-009,  
450.219,   7.4114E-008,   1.2548E-009,   2.4325E-007,   7.6328E-005,   2.7580E-009,  
452.247,   7.4501E-008,   1.1722E-009,   2.4365E-007,   7.7078E-005,   2.5691E-009,  
454.275,   7.4337E-008,   1.2087E-009,   2.4266E-007,   7.6890E-005,   2.8015E-009,  
456.303,   7.4690E-008,   1.1716E-009,   2.4341E-007,   7.6541E-005,   2.8444E-009,  
458.331,   7.4293E-008,   1.3348E-009,   2.4422E-007,   7.6735E-005,   2.7247E-009,  
460.359,   7.4752E-008,   1.2068E-009,   2.4452E-007,   7.7046E-005,   2.7061E-009,  
462.387,   7.4048E-008,   1.2983E-009,   2.4467E-007,   7.6676E-005,   2.7401E-009,  
464.415,   7.4111E-008,   1.1082E-009,   2.4573E-007,   7.6721E-005,   2.7068E-009,  
466.443,   7.4805E-008,   1.3502E-009,   2.4458E-007,   7.6702E-005,   2.5525E-009,  
468.471,   7.4236E-008,   1.1633E-009,   2.4592E-007,   7.6541E-005,   2.7260E-009,  
470.499,   7.4009E-008,   1.2529E-009,   2.4416E-007,   7.7130E-005,   2.5262E-009,  
472.527,   7.4301E-008,   1.1978E-009,   2.4515E-007,   7.6583E-005,   2.6204E-009,  
474.555,   7.3282E-008,   1.2497E-009,   2.4636E-007,   7.7013E-005,   2.5115E-009,  
476.583,   7.4779E-008,   1.1869E-009,   2.4553E-007,   7.7123E-005,   2.7804E-009,  
478.611,   7.4161E-008,   9.4622E-010,   2.4663E-007,   7.6702E-005,   2.7599E-009,  
480.639,   7.4165E-008,   1.2983E-009,   2.4770E-007,   7.6509E-005,   2.6229E-009,  
482.667,   7.3951E-008,   1.1697E-009,   2.4647E-007,   7.6858E-005,   2.7369E-009,  
484.695,   7.4675E-008,   1.0352E-009,   2.4680E-007,   7.6625E-005,   2.4814E-009,  
486.723,   7.4035E-008,   1.0839E-009,   2.4668E-007,   7.6496E-005,   2.5736E-009,  
488.751,   7.4416E-008,   1.1908E-009,   2.4761E-007,   7.6786E-005,   2.4264E-009,  
490.779,   7.4109E-008,   1.1850E-009,   2.4769E-007,   7.6360E-005,   2.4738E-009,  
492.807,   7.4277E-008,   1.0903E-009,   2.4882E-007,   7.6657E-005,   2.7433E-009,  
494.835,   7.4294E-008,   1.1690E-009,   2.4904E-007,   7.6935E-005,   2.5416E-009,  
496.863,   7.4245E-008,   1.1517E-009,   2.4806E-007,   7.6658E-005,   2.6408E-009,  
498.891,   7.4520E-008,   1.2350E-009,   2.4968E-007,   7.6625E-005,   2.6940E-009,  
500.919,   7.4535E-008,   1.0531E-009,   2.4904E-007,   7.6838E-005,   2.6504E-009,  
502.947,   7.4325E-008,   1.1748E-009,   2.4881E-007,   7.7052E-005,   2.7714E-009,  
504.975,   7.4018E-008,   1.2330E-009,   2.4996E-007,   7.6755E-005,   2.7189E-009,  
507.003,   7.4372E-008,   1.3143E-009,   2.4956E-007,   7.6631E-005,   2.7151E-009,  
509.031,   7.4736E-008,   1.2740E-009,   2.5118E-007,   7.6735E-005,   2.6684E-009,  
511.059,   7.4961E-008,   1.2125E-009,   2.4889E-007,   7.6715E-005,   2.8220E-009,  
513.087,   7.4947E-008,   1.3668E-009,   2.4947E-007,   7.7207E-005,   2.5442E-009,  
515.115,   7.5256E-008,   1.3342E-009,   2.5225E-007,   7.6722E-005,   2.5621E-009,  
517.143,   7.4675E-008,   1.0749E-009,   2.5166E-007,   7.6962E-005,   2.7823E-009,  
519.171,   7.4989E-008,   1.1735E-009,   2.5203E-007,   7.7305E-005,   2.4981E-009,  
521.199,   7.4633E-008,   1.3457E-009,   2.5154E-007,   7.7058E-005,   2.5922E-009,  
523.227,   7.4740E-008,   1.0442E-009,   2.5277E-007,   7.6683E-005,   2.7042E-009,  
525.255,   7.4613E-008,   1.2529E-009,   2.5255E-007,   7.6496E-005,   2.5883E-009,  
527.283,   7.4834E-008,   1.0864E-009,   2.5272E-007,   7.6987E-005,   2.6716E-009,  
529.311,   7.6001E-008,   1.2362E-009,   2.6070E-007,   7.6703E-005,   2.7932E-009,  
531.339,   7.6429E-008,   1.2580E-009,   2.5456E-007,   7.7091E-005,   2.5467E-009,  
533.367,   7.6006E-008,   1.1108E-009,   2.5294E-007,   7.7071E-005,   2.5230E-009,  
535.395,   7.5558E-008,   1.0941E-009,   2.5402E-007,   7.7181E-005,   2.6773E-009,  
537.423,   7.5673E-008,   1.1863E-009,   2.5412E-007,   7.7006E-005,   2.6069E-009,  
539.451,   7.5496E-008,   1.2586E-009,   2.5529E-007,   7.6942E-005,   2.6498E-009,  
541.479,   7.5338E-008,   1.2100E-009,   2.5438E-007,   7.6968E-005,   2.5711E-009,  
543.507,   7.5287E-008,   1.0723E-009,   2.5425E-007,   7.6748E-005,   2.4469E-009,  
545.535,   7.5413E-008,   1.0819E-009,   2.5703E-007,   7.7383E-005,   2.4731E-009,  
547.563,   7.5321E-008,   1.0531E-009,   2.5681E-007,   7.7552E-005,   2.6665E-009,  
549.591,   7.5635E-008,   1.2241E-009,   2.5661E-007,   7.7272E-005,   2.6863E-009,  
551.619,   7.5877E-008,   1.1665E-009,   2.5730E-007,   7.7543E-005,   2.6594E-009,  
553.647,   7.5145E-008,   1.1453E-009,   2.5696E-007,   7.7267E-005,   2.5410E-009,  
555.675,   7.5508E-008,   1.2266E-009,   2.5776E-007,   7.6942E-005,   2.5243E-009,  
557.703,   7.5048E-008,   1.3143E-009,   2.5799E-007,   7.7389E-005,   2.6991E-009,  
559.731,   7.5230E-008,   1.2215E-009,   2.5790E-007,   7.7298E-005,   2.7254E-009,  
561.759,   7.5384E-008,   1.3015E-009,   2.5745E-007,   7.6974E-005,   2.4616E-009,  
563.787,   7.5526E-008,   1.2145E-009,   2.5857E-007,   7.7534E-005,   2.6210E-009,  
565.815,   7.5542E-008,   1.1050E-009,   2.5775E-007,   7.7709E-005,   2.5954E-009,  
567.843,   7.5041E-008,   1.1965E-009,   2.5969E-007,   7.7396E-005,   2.6101E-009,  
569.872,   7.5859E-008,   1.2868E-009,   2.6049E-007,   7.7253E-005,   2.5935E-009,  
571.900,   7.5869E-008,   1.2708E-009,   2.5939E-007,   7.7376E-005,   2.5960E-009,  
573.928,   7.5638E-008,   1.1229E-009,   2.6003E-007,   7.7742E-005,   2.6434E-009,  
575.956,   7.5255E-008,   1.2913E-009,   2.6092E-007,   7.7495E-005,   2.5365E-009,  
577.984,   7.5414E-008,   1.0711E-009,   2.6005E-007,   7.7728E-005,   2.6767E-009,  
580.012,   7.5899E-008,   1.1709E-009,   2.6154E-007,   7.7585E-005,   2.6799E-009,  
582.040,   7.6017E-008,   1.1082E-009,   2.6141E-007,   7.7513E-005,   2.7055E-009,  
584.068,   7.6136E-008,   1.0839E-009,   2.6151E-007,   7.7631E-005,   2.7561E-009,  
586.096,   7.5961E-008,   1.1389E-009,   2.6220E-007,   7.7978E-005,   2.5499E-009,  
588.124,   7.6332E-008,   1.2746E-009,   2.6154E-007,   7.7599E-005,   2.7868E-009,  
590.152,   7.5996E-008,   1.2458E-009,   2.6242E-007,   7.8069E-005,   2.8022E-009,  
592.180,   7.6284E-008,   1.0980E-009,   2.6346E-007,   7.7703E-005,   2.6594E-009,  
594.208,   7.5734E-008,   1.0115E-009,   2.6394E-007,   7.8178E-005,   2.5051E-009,  
596.236,   7.6608E-008,   1.0813E-009,   2.6244E-007,   7.7890E-005,   2.7017E-009,  
598.264,   7.6097E-008,   1.1601E-009,   2.6325E-007,   7.7719E-005,   2.6415E-009,  
600.292,   7.6092E-008,   1.0205E-009,   2.6498E-007,   7.7866E-005,   2.7638E-009,  
602.320,   7.6585E-008,   1.1818E-009,   2.6409E-007,   7.7958E-005,   2.6312E-009,  
604.348,   7.6517E-008,   1.0070E-009,   2.6526E-007,   7.8211E-005,   2.5851E-009,  
606.376,   7.6832E-008,   1.0032E-009,   2.6615E-007,   7.7755E-005,   2.6184E-009,  
608.404,   7.5508E-008,   1.1223E-009,   2.6496E-007,   7.7765E-005,   2.7753E-009,  
610.432,   1.2552E-007,   1.0499E-009,   2.7148E-007,   7.8227E-005,   2.6831E-009,  
612.460,   7.8443E-008,   1.0198E-009,   2.6640E-007,   7.7758E-005,   2.6421E-009,  
614.488,   7.6888E-008,   1.2132E-009,   2.6623E-007,   7.8030E-005,   2.4814E-009,  
616.516,   7.7322E-008,   1.2798E-009,   2.6580E-007,   7.8044E-005,   2.5871E-009,  
618.544,   7.6567E-008,   1.2164E-009,   2.6697E-007,   7.7949E-005,   2.6184E-009,  
620.572,   7.6734E-008,   1.0551E-009,   2.6731E-007,   7.7673E-005,   2.6146E-009,  
622.600,   7.6413E-008,   1.0749E-009,   2.6739E-007,   7.7873E-005,   2.7471E-009,  
624.628,   7.6786E-008,   1.2036E-009,   2.6882E-007,   7.7952E-005,   2.6402E-009,  
626.656,   7.7034E-008,   1.3073E-009,   2.6798E-007,   7.7637E-005,   2.4923E-009,  
628.684,   7.7099E-008,   1.1229E-009,   2.6780E-007,   7.7853E-005,   2.6428E-009,  
630.712,   7.6609E-008,   1.1812E-009,   2.6947E-007,   7.8076E-005,   2.6095E-009,  
632.740,   7.6875E-008,   1.2606E-009,   2.6810E-007,   7.8030E-005,   2.5967E-009,  
634.768,   7.6759E-008,   1.0064E-009,   2.6798E-007,   7.8115E-005,   2.7586E-009,  
636.796,   7.6876E-008,   1.1831E-009,   2.7015E-007,   7.8316E-005,   2.8316E-009,  
638.824,   7.6827E-008,   1.2702E-009,   2.6895E-007,   7.8010E-005,   2.7145E-009,  
640.852,   7.6759E-008,   1.1722E-009,   2.6981E-007,   7.8122E-005,   2.6165E-009,  
642.880,   7.6866E-008,   1.3041E-009,   2.7012E-007,   7.8292E-005,   2.6312E-009,  
644.908,   7.6848E-008,   1.1825E-009,   2.7245E-007,   7.8135E-005,   2.7305E-009,  
646.936,   7.7549E-008,   1.2362E-009,   2.7086E-007,   7.8076E-005,   2.5493E-009,  
648.964,   7.7234E-008,   1.0691E-009,   2.7023E-007,   7.8251E-005,   2.7036E-009,  
650.992,   7.7284E-008,   1.1204E-009,   2.7032E-007,   7.8276E-005,   2.5045E-009,  
653.020,   7.6944E-008,   1.0948E-009,   2.7109E-007,   7.8135E-005,   2.4930E-009,  
655.048,   7.6951E-008,   1.1549E-009,   2.7165E-007,   7.8323E-005,   2.5787E-009,  
657.076,   7.7349E-008,   1.0589E-009,   2.7227E-007,   7.7938E-005,   2.5102E-009,  
659.104,   7.7141E-008,   1.1722E-009,   2.7176E-007,   7.8495E-005,   2.4673E-009,  
661.132,   7.7283E-008,   1.1549E-009,   2.7254E-007,   7.8033E-005,   2.4686E-009,  
663.160,   7.7252E-008,   1.0070E-009,   2.7250E-007,   7.7905E-005,   2.5493E-009,  
665.188,   7.7765E-008,   1.1850E-009,   2.7226E-007,   7.8227E-005,   2.4616E-009,  
667.216,   7.7198E-008,   1.2375E-009,   2.7365E-007,   7.8138E-005,   2.5307E-009,  
669.244,   7.7656E-008,   1.1197E-009,   2.7369E-007,   7.8105E-005,   2.6498E-009,  
671.272,   7.7283E-008,   1.0410E-009,   2.7341E-007,   7.8688E-005,   2.6729E-009,  
673.300,   7.8287E-008,   1.1799E-009,   2.7422E-007,   7.8497E-005,   2.7471E-009,  
675.328,   7.7277E-008,   1.0839E-009,   2.7439E-007,   7.8524E-005,   2.5787E-009,  
677.356,   7.7850E-008,   1.1562E-009,   2.7445E-007,   7.8573E-005,   2.6793E-009,  
679.384,   7.8033E-008,   1.1863E-009,   2.7504E-007,   7.8412E-005,   2.5698E-009,  
681.412,   7.7557E-008,   1.2202E-009,   2.7451E-007,   7.8854E-005,   2.8009E-009,  
683.440,   7.7490E-008,   1.1204E-009,   2.7628E-007,   7.8537E-005,   2.7887E-009,  
685.468,   7.7116E-008,   1.0794E-009,   2.7670E-007,   7.8451E-005,   2.5544E-009,  
687.496,   7.7752E-008,   1.1447E-009,   2.7679E-007,   7.8550E-005,   2.7516E-009,  
689.524,   7.7809E-008,   1.1453E-009,   2.7637E-007,   7.8603E-005,   2.5698E-009,  
691.552,   7.8104E-008,   1.0608E-009,   2.7575E-007,   7.8603E-005,   2.6472E-009,  
693.580,   7.7398E-008,   1.2753E-009,   2.7831E-007,   7.8438E-005,   2.5973E-009,  
695.608,   7.8102E-008,   1.1396E-009,   2.7683E-007,   7.8678E-005,   2.5461E-009,  
697.636,   7.7652E-008,   9.5583E-010,   2.7643E-007,   7.8306E-005,   2.6581E-009,  
699.664,   7.7648E-008,   1.2426E-009,   2.7560E-007,   7.8847E-005,   2.8131E-009,  
701.692,   7.7675E-008,   1.0711E-009,   2.7812E-007,   7.8865E-005,   2.4136E-009,  
703.720,   7.7939E-008,   1.0922E-009,   2.7587E-007,   7.9020E-005,   2.6959E-009,  
705.748,   7.8036E-008,   1.2740E-009,   2.7736E-007,   7.8679E-005,   2.7100E-009,  
707.776,   7.8643E-008,   1.3547E-009,   2.8040E-007,   7.8999E-005,   2.7657E-009,  
709.804,   7.8485E-008,   1.2106E-009,   2.7855E-007,   7.8814E-005,   2.6767E-009,  
711.832,   7.7864E-008,   1.2394E-009,   2.7690E-007,   7.8781E-005,   2.5717E-009,  
713.860,   7.8482E-008,   1.0960E-009,   2.7813E-007,   7.8421E-005,   2.6805E-009,  
715.888,   7.7909E-008,   1.2190E-009,   2.8006E-007,   7.8884E-005,   2.4949E-009,  
717.916,   7.8237E-008,   1.2049E-009,   2.7990E-007,   7.9026E-005,   2.7574E-009,  
719.944,   7.8190E-008,   1.1556E-009,   2.7853E-007,   7.9173E-005,   2.7324E-009,  
721.972,   7.7948E-008,   1.1108E-009,   2.7822E-007,   7.8553E-005,   2.5832E-009,  
724.000,   7.7951E-008,   1.2900E-009,   2.7836E-007,   7.8504E-005,   2.5070E-009,  
726.029,   8.5755E-008,   1.1242E-009,   2.7855E-007,   7.8854E-005,   2.6658E-009,  
728.057,   7.8415E-008,   1.0288E-009,   2.7914E-007,   7.8570E-005,   2.7292E-009,  
730.085,   7.8278E-008,   1.0461E-009,   2.7890E-007,   7.9027E-005,   2.6837E-009,  
732.113,   7.8488E-008,   1.3233E-009,   2.7931E-007,   7.8735E-005,   2.7164E-009,  
734.141,   7.8268E-008,   1.2548E-009,   2.8168E-007,   7.9007E-005,   2.6434E-009,  
736.169,   7.8697E-008,   1.1114E-009,   2.7978E-007,   7.8874E-005,   2.7369E-009,  
738.197,   7.8788E-008,   1.1825E-009,   2.8087E-007,   7.8537E-005,   2.5391E-009,  
740.225,   7.8118E-008,   1.0858E-009,   2.8085E-007,   7.8847E-005,   2.6953E-009,  
742.253,   7.8190E-008,   1.1453E-009,   2.8070E-007,   7.8953E-005,   2.6562E-009,  
744.281,   7.8677E-008,   1.1300E-009,   2.8084E-007,   7.8993E-005,   2.6044E-009,  
746.309,   7.8549E-008,   1.0467E-009,   2.8088E-007,   7.9134E-005,   2.4616E-009,  
748.337,   7.8312E-008,   1.1869E-009,   2.8268E-007,   7.9073E-005,   2.6498E-009,  
750.365,   8.9309E-008,   1.0992E-009,   2.8414E-007,   7.8695E-005,   2.7311E-009,  
752.393,   7.9371E-008,   1.1383E-009,   2.8454E-007,   7.9086E-005,   2.7222E-009,  
754.421,   7.8929E-008,   1.3393E-009,   2.8271E-007,   7.8596E-005,   2.6082E-009,  
756.449,   7.9255E-008,   1.1216E-009,   2.8249E-007,   7.9120E-005,   2.7247E-009,  
758.477,   7.8926E-008,   1.2516E-009,   2.8326E-007,   7.9626E-005,   2.6095E-009,  
760.505,   7.9188E-008,   1.1671E-009,   2.8427E-007,   7.9153E-005,   2.8860E-009,  
762.533,   7.9069E-008,   1.2017E-009,   2.8310E-007,   7.8993E-005,   2.6665E-009,  
764.561,   7.8978E-008,   1.1504E-009,   2.8149E-007,   7.8775E-005,   2.6114E-009,  
766.589,   7.9481E-008,   1.1607E-009,   2.8385E-007,   7.9160E-005,   2.6172E-009,  
768.617,   7.8947E-008,   1.1140E-009,   2.8421E-007,   7.9259E-005,   2.6857E-009,  
770.645,   7.8928E-008,   1.1857E-009,   2.8206E-007,   7.8748E-005,   2.3758E-009,  
772.673,   7.9259E-008,   1.2548E-009,   2.8458E-007,   7.9153E-005,   2.6402E-009,  
774.701,   7.8853E-008,   1.2426E-009,   2.8419E-007,   7.9213E-005,   2.7042E-009,  
776.729,   7.8921E-008,   1.1370E-009,   2.8266E-007,   7.9392E-005,   2.8201E-009,  
778.757,   7.9398E-008,   1.1741E-009,   2.8507E-007,   7.9299E-005,   2.8688E-009,  
780.785,   7.8979E-008,   1.3335E-009,   2.8526E-007,   7.9212E-005,   2.7420E-009,  
782.813,   7.9737E-008,   1.3041E-009,   2.8528E-007,   7.9232E-005,   2.6620E-009,  
784.841,   7.9535E-008,   1.1665E-009,   2.8405E-007,   7.9780E-005,   2.5544E-009,  
786.869,   7.8893E-008,   1.1248E-009,   2.8517E-007,   7.9253E-005,   2.7311E-009,  
788.897,   7.9136E-008,   1.1786E-009,   2.8509E-007,   7.9053E-005,   2.5339E-009,  
790.925,   7.8908E-008,   1.1626E-009,   2.8493E-007,   7.9465E-005,   2.7580E-009,  
792.953,   7.9485E-008,   1.2036E-009,   2.8448E-007,   7.9814E-005,   2.6748E-009,  
794.981,   7.9579E-008,   1.1773E-009,   2.8421E-007,   7.9339E-005,   2.7029E-009,  
797.009,   7.9182E-008,   1.2670E-009,   2.8451E-007,   7.9365E-005,   2.7471E-009,  
799.037,   7.8781E-008,   1.1370E-009,   2.8542E-007,   7.9412E-005,   2.7189E-009,  
801.065,   7.9203E-008,   1.2132E-009,   2.8399E-007,   7.9439E-005,   2.5627E-009,  
803.093,   7.9301E-008,   1.1146E-009,   2.8457E-007,   7.9167E-005,   2.6018E-009,  
805.121,   7.8957E-008,   1.2548E-009,   2.8613E-007,   7.8933E-005,   2.6665E-009,  
807.149,   7.9499E-008,   1.0557E-009,   2.8514E-007,   7.9593E-005,   2.6901E-009,  
809.177,   7.9257E-008,   1.1357E-009,   2.8578E-007,   7.9713E-005,   2.8073E-009,  
811.205,   7.8959E-008,   1.0685E-009,   2.8510E-007,   7.9686E-005,   2.6620E-009,  
813.233,   7.9524E-008,   1.0602E-009,   2.8627E-007,   7.9479E-005,   2.7490E-009,  
815.261,   7.9202E-008,   1.0736E-009,   2.8495E-007,   7.9619E-005,   2.5512E-009,  
817.289,   7.9596E-008,   1.1581E-009,   2.8736E-007,   7.9861E-005,   2.6114E-009,  
819.317,   7.8883E-008,   1.1223E-009,   2.8708E-007,   7.9600E-005,   2.7702E-009,  
821.345,   7.8886E-008,   1.0487E-009,   2.8610E-007,   7.9753E-005,   2.7234E-009,  
823.373,   7.9969E-008,   1.2388E-009,   2.8726E-007,   8.0068E-005,   2.6959E-009,  
825.401,   7.9271E-008,   1.2510E-009,   2.8835E-007,   7.9740E-005,   2.5506E-009,  
827.429,   7.9590E-008,   1.0602E-009,   2.8665E-007,   7.9734E-005,   2.5730E-009,  
829.457,   7.9645E-008,   1.3323E-009,   2.8591E-007,   7.9901E-005,   2.8131E-009,  
831.485,   7.9754E-008,   1.1562E-009,   2.8803E-007,   8.0236E-005,   2.5346E-009,  
833.513,   7.9403E-008,   1.0845E-009,   2.8656E-007,   7.9934E-005,   2.6210E-009,  
835.541,   7.9775E-008,   1.1319E-009,   2.8687E-007,   7.9632E-005,   2.6825E-009,  
837.569,   7.9960E-008,   1.1921E-009,   2.8801E-007,   8.0096E-005,   2.6018E-009,  
839.597,   7.9782E-008,   1.1325E-009,   2.8801E-007,   7.9673E-005,   2.6767E-009,  
841.625,   8.0128E-008,   1.2618E-009,   2.8703E-007,   7.9619E-005,   2.5070E-009,  
843.653,   8.0241E-008,   1.2010E-009,   2.8740E-007,   7.9793E-005,   2.5794E-009,  
845.681,   8.6214E-008,   1.1658E-009,   2.9352E-007,   7.9533E-005,   2.7638E-009,  
847.709,   8.0830E-008,   1.1921E-009,   2.9312E-007,   7.9660E-005,   2.6172E-009,  
849.737,   8.1272E-008,   1.1524E-009,   2.8823E-007,   7.9632E-005,   2.6921E-009,  
851.765,   8.0624E-008,   1.1972E-009,   2.8899E-007,   8.0055E-005,   2.5557E-009,  
853.793,   8.0617E-008,   1.2407E-009,   2.8939E-007,   7.9989E-005,   2.8713E-009,  
855.821,   8.0254E-008,   1.2478E-009,   2.9087E-007,   8.0008E-005,   2.8060E-009,  
857.849,   8.1099E-008,   1.1524E-009,   2.8904E-007,   7.9934E-005,   2.6588E-009,  
859.877,   8.0595E-008,   1.1940E-009,   2.8976E-007,   7.9901E-005,   2.6383E-009,  
861.905,   8.0217E-008,   1.2375E-009,   2.8927E-007,   7.9493E-005,   2.5717E-009,  
863.933,   8.0094E-008,   1.2100E-009,   2.8946E-007,   7.9794E-005,   2.6069E-009,  
865.961,   8.0555E-008,   1.1556E-009,   2.9212E-007,   8.0309E-005,   2.8745E-009,  
867.989,   1.0398E-007,   1.2638E-009,   2.8990E-007,   7.9988E-005,   2.8099E-009,  
870.017,   8.0618E-008,   1.1677E-009,   2.8888E-007,   8.0155E-005,   2.8457E-009,  
872.045,   8.0290E-008,   1.1447E-009,   2.8974E-007,   7.9701E-005,   2.6959E-009,  
874.073,   8.0730E-008,   1.0711E-009,   2.8922E-007,   7.9733E-005,   2.6095E-009,  
876.101,   8.0349E-008,   1.0980E-009,   2.8938E-007,   7.9982E-005,   2.5570E-009,  
878.129,   8.0508E-008,   1.2298E-009,   2.9153E-007,   8.0035E-005,   2.6312E-009,  
880.157,   8.0631E-008,   1.1332E-009,   2.9100E-007,   8.0202E-005,   2.7042E-009,  
882.186,   8.0413E-008,   1.0576E-009,   2.9110E-007,   8.0143E-005,   2.5864E-009,  
884.214,   8.0556E-008,   1.1498E-009,   2.9069E-007,   8.0294E-005,   2.5999E-009,  
886.242,   8.0775E-008,   1.2458E-009,   2.9031E-007,   8.0143E-005,   2.5154E-009,  
888.270,   8.1240E-008,   1.3015E-009,   2.8934E-007,   8.0547E-005,   2.7862E-009,  
890.298,   6.7408E-008,   3.4663E-008,   1.0255E-008,   8.3913E-004,   8.3913E-004,  
892.326,   1.2023E-006,   1.4762E-008,   2.2428E-006,   7.8417E-006,   2.8292E-008,  
894.354,   1.5003E-007,   3.5851E-009,   8.0620E-007,   7.1264E-007,   1.6545E-008,  
896.382,   8.9997E-008,   2.4155E-009,   6.0656E-007,   6.6925E-007,   1.3114E-008,  
898.410,   1.0120E-007,   1.7785E-009,   5.3702E-007,   2.3960E-007,   1.1158E-008,  
900.438,   6.7648E-008,   1.5397E-009,   4.3102E-007,   2.2090E-007,   9.7061E-009,  
902.466,   6.1597E-008,   1.3111E-009,   3.8450E-007,   2.0845E-007,   8.7414E-009,  
904.494,   5.7387E-008,   1.3278E-009,   3.5426E-007,   1.6386E-007,   8.0058E-009,  
906.522,   5.5926E-008,   1.1837E-009,   3.4581E-007,   1.6598E-007,   7.3047E-009,  
908.550,   5.2449E-008,   1.0986E-009,   3.2229E-007,   1.5948E-007,   6.7759E-009,  
910.578,   5.0502E-008,   1.0903E-009,   3.0938E-007,   1.5701E-007,   6.6697E-009,  
912.606,   4.9399E-008,   9.3150E-010,   3.0142E-007,   1.5746E-007,   6.4552E-009,  
914.634,   4.8357E-008,   1.0371E-009,   2.9322E-007,   1.5403E-007,   6.4411E-009,  
916.662,   4.6563E-008,   8.8092E-010,   2.7909E-007,   1.5004E-007,   6.0851E-009,  
918.690,   4.4558E-008,   7.8745E-010,   2.7056E-007,   1.4557E-007,   5.9001E-009,  
920.718,   4.4389E-008,   8.4635E-010,   2.6254E-007,   1.4307E-007,   5.5890E-009,  
922.746,   4.3912E-008,   8.0922E-010,   2.5685E-007,   1.3986E-007,   5.4635E-009,  
924.774,   4.5723E-008,   7.1767E-010,   2.5276E-007,   1.3861E-007,   5.3739E-009,  
926.802,   4.3239E-008,   7.1063E-010,   2.4939E-007,   1.3847E-007,   5.2708E-009,  
928.830,   4.3173E-008,   8.0730E-010,   2.4832E-007,   1.3780E-007,   5.2356E-009,  
930.858,   4.2658E-008,   6.3380E-010,   2.4457E-007,   1.3670E-007,   5.1517E-009,  
932.886,   4.2736E-008,   6.8566E-010,   2.4328E-007,   1.3760E-007,   5.3047E-009,  
934.914,   4.2556E-008,   8.0666E-010,   2.4001E-007,   1.3667E-007,   5.2625E-009,  
936.942,   4.2644E-008,   8.1178E-010,   2.3975E-007,   1.3569E-007,   5.1556E-009,  
938.970,   4.2704E-008,   7.3239E-010,   2.3763E-007,   1.3497E-007,   5.0365E-009,  
940.998,   4.2122E-008,   7.7145E-010,   2.3670E-007,   1.3488E-007,   5.0890E-009,  
943.026,   4.1848E-008,   6.8630E-010,   2.3398E-007,   1.3352E-007,   4.8764E-009,  
945.054,   4.1984E-008,   8.4507E-010,   2.3146E-007,   1.3363E-007,   5.0749E-009,  
947.082,   4.1762E-008,   7.8873E-010,   2.3056E-007,   1.3280E-007,   4.9577E-009,  
949.110,   4.2051E-008,   7.3175E-010,   2.3051E-007,   1.0614E-007,   5.0371E-009,  
951.138,   4.1851E-008,   6.6709E-010,   2.2947E-007,   2.3303E-007,   5.0314E-009,  
953.166,   4.8999E-008,   7.3111E-010,   2.6000E-007,   4.3399E-006,   4.7439E-009,  
955.194,   5.5152E-008,   7.9449E-010,   2.7516E-007,   5.4459E-006,   5.0493E-009,  
957.222,   6.4404E-008,   9.4110E-010,   3.0987E-007,   1.4707E-005,   7.3796E-009,  
959.250,   1.5965E-007,   1.1901E-009,   4.3980E-007,   6.8972E-005,   6.6549E-009,  
961.278,   1.4722E-007,   1.1543E-009,   4.3372E-007,   7.5375E-005,   6.0301E-009,  
963.306,   1.5267E-007,   9.8976E-010,   3.8778E-007,   8.4241E-005,   4.8297E-009,  
965.334,   1.4578E-007,   1.0327E-009,   3.8262E-007,   8.4634E-005,   4.7055E-009,  
967.362,   1.3490E-007,   1.1037E-009,   3.3610E-007,   8.4741E-005,   3.3374E-009,  
969.390,   1.2681E-007,   1.0999E-009,   3.2973E-007,   8.4698E-005,   3.4200E-009,  
971.418,   1.2224E-007,   1.0269E-009,   3.3055E-007,   8.4506E-005,   3.4507E-009,  
973.446,   1.1796E-007,   9.4366E-010,   3.3305E-007,   8.5110E-005,   3.3931E-009,  
975.474,   1.1509E-007,   1.0749E-009,   3.3205E-007,   8.5099E-005,   3.3022E-009,  
977.502,   1.1376E-007,   9.5198E-010,   3.3214E-007,   8.4434E-005,   3.4763E-009,  
979.530,   1.1217E-007,   1.1601E-009,   3.3389E-007,   8.4627E-005,   3.3969E-009,  
981.558,   1.1267E-007,   1.1088E-009,   3.3286E-007,   8.4600E-005,   3.3361E-009,  
983.586,   1.1096E-007,   1.0474E-009,   3.3313E-007,   8.5056E-005,   3.4821E-009,  
985.614,   1.0929E-007,   9.6671E-010,   3.3557E-007,   8.4654E-005,   3.5294E-009,  
987.642,   1.0950E-007,   1.0211E-009,   3.3399E-007,   8.4161E-005,   3.2868E-009,  
989.670,   1.0825E-007,   9.5070E-010,   3.3554E-007,   8.5053E-005,   3.1953E-009,  
991.698,   1.1054E-007,   9.6991E-010,   3.3540E-007,   8.4350E-005,   3.1082E-009,  
993.726,   1.0788E-007,   1.0122E-009,   3.3484E-007,   8.5053E-005,   3.4206E-009,  
995.754,   1.0697E-007,   9.7567E-010,   3.3630E-007,   8.5063E-005,   3.4181E-009,  
997.782,   1.0522E-007,   1.0851E-009,   3.3417E-007,   8.4681E-005,   3.2478E-009,  
999.810,   1.1648E-007,   1.0288E-009,   3.3746E-007,   8.4772E-005,   3.4872E-009,  
1001.838,   1.0673E-007,   9.6223E-010,   3.3488E-007,   8.4626E-005,   3.6684E-009,  
1003.866,   1.0552E-007,   1.0448E-009,   3.3612E-007,   8.4901E-005,   3.3720E-009,  
1005.894,   1.0420E-007,   9.7439E-010,   3.3340E-007,   8.5077E-005,   3.2682E-009,  
1007.922,   1.0383E-007,   9.8335E-010,   3.3556E-007,   8.4635E-005,   3.3502E-009,  
1009.950,   1.0368E-007,   1.1223E-009,   3.3585E-007,   8.5353E-005,   3.2810E-009,  
1011.978,   1.0274E-007,   1.1332E-009,   3.3834E-007,   8.4851E-005,   3.4597E-009,  
1014.006,   1.0276E-007,   1.1005E-009,   3.3462E-007,   8.5831E-005,   3.1940E-009,  
1016.034,   1.0267E-007,   1.0173E-009,   3.3818E-007,   8.5021E-005,   3.3348E-009,  
1018.062,   1.0444E-007,   1.0698E-009,   3.3852E-007,   8.5403E-005,   3.4930E-009,  
1020.090,   1.0311E-007,   9.4878E-010,   3.3683E-007,   8.5123E-005,   3.3374E-009,  
1022.118,   1.0256E-007,   1.1018E-009,   3.3723E-007,   8.5546E-005,   3.2657E-009,  
1024.146,   1.0258E-007,   9.7759E-010,   3.3527E-007,   8.5290E-005,   3.2695E-009,  
1026.174,   1.0199E-007,   9.9424E-010,   3.3671E-007,   8.5007E-005,   3.2670E-009,  
1028.202,   1.0220E-007,   1.0077E-009,   3.3562E-007,   8.5148E-005,   3.1408E-009,  
1030.230,   1.0115E-007,   9.5070E-010,   3.3630E-007,   8.5304E-005,   3.3585E-009,  
1032.258,   1.0188E-007,   9.0461E-010,   3.3593E-007,   8.5175E-005,   3.3777E-009,  
1034.286,   1.0141E-007,   1.0192E-009,   3.3542E-007,   8.5517E-005,   3.3515E-009,  
1036.314,   1.0064E-007,   1.0781E-009,   3.3511E-007,   8.5046E-005,   3.2759E-009,  
1038.343,   1.0131E-007,   9.3022E-010,   3.3721E-007,   8.5202E-005,   3.2087E-009,  
1040.371,   1.0083E-007,   9.5775E-010,   3.3811E-007,   8.5346E-005,   3.1447E-009,  
1042.399,   1.0117E-007,   1.0301E-009,   3.3686E-007,   8.5680E-005,   3.3086E-009,  
1044.427,   1.0094E-007,   9.7823E-010,   3.3567E-007,   8.5397E-005,   3.3316E-009,  
1046.455,   1.0084E-007,   9.0845E-010,   3.3789E-007,   8.5403E-005,   3.2106E-009,  
1048.483,   1.0035E-007,   1.0480E-009,   3.3677E-007,   8.5723E-005,   3.3502E-009,  
1050.511,   1.0090E-007,   1.1748E-009,   3.3656E-007,   8.5144E-005,   3.3207E-009,  
1052.539,   1.0050E-007,   1.1223E-009,   3.3536E-007,   8.5294E-005,   3.3310E-009,  
1054.567,   1.0007E-007,   1.0224E-009,   3.3538E-007,   8.5424E-005,   3.2939E-009,  
1056.595,   1.0096E-007,   1.0154E-009,   3.3624E-007,   8.5852E-005,   3.2401E-009,  
1058.623,   1.0018E-007,   1.0026E-009,   3.3501E-007,   8.5396E-005,   3.3239E-009,  
1060.651,   1.0076E-007,   9.5711E-010,   3.3587E-007,   8.5466E-005,   3.3169E-009,  
1062.679,   1.0022E-007,   1.0640E-009,   3.3682E-007,   8.5909E-005,   3.3508E-009,  
1064.707,   1.0075E-007,   1.1594E-009,   3.3446E-007,   8.5510E-005,   3.3790E-009,  
1066.735,   9.9909E-008,   8.8284E-010,   3.3601E-007,   8.5545E-005,   3.3380E-009,  
1068.763,   1.0046E-007,   1.0269E-009,   3.3658E-007,   8.5524E-005,   3.2900E-009,  
1070.791,   9.9957E-008,   9.9680E-010,   3.3629E-007,   8.5937E-005,   3.2061E-009,  
1072.819,   9.9803E-008,   1.0864E-009,   3.3600E-007,   8.5759E-005,   3.2081E-009,  
1074.847,   9.9684E-008,   8.5147E-010,   3.3746E-007,   8.5315E-005,   3.0980E-009,  
1076.875,   1.0008E-007,   9.6863E-010,   3.3749E-007,   8.5974E-005,   3.3169E-009,  
1078.903,   1.0018E-007,   1.1517E-009,   3.3510E-007,   8.5453E-005,   3.2996E-009,  
1080.931,   9.9726E-008,   1.0013E-009,   3.5094E-007,   8.7135E-005,   3.6786E-009,  
1082.959,   1.0578E-007,   8.4699E-010,   3.5394E-007,   8.6349E-005,   3.6549E-009,  
1084.987,   1.0596E-007,   9.9040E-010,   3.5633E-007,   8.6717E-005,   3.5166E-009,  
1087.015,   1.0598E-007,   9.0397E-010,   3.5438E-007,   8.6804E-005,   3.7759E-009,  
1089.043,   1.0579E-007,   9.9296E-010,   3.5405E-007,   8.6756E-005,   3.6914E-009,  
1091.071,   1.0619E-007,   8.5787E-010,   3.5282E-007,   8.6578E-005,   3.6594E-009,  
1093.099,   1.0580E-007,   9.9296E-010,   3.5433E-007,   8.6902E-005,   3.6031E-009,  
1095.127,   1.0625E-007,   8.7516E-010,   3.5384E-007,   8.6895E-005,   3.7119E-009,  
1097.155,   1.0662E-007,   7.9641E-010,   3.5262E-007,   8.6716E-005,   3.6255E-009,  
1099.183,   1.0688E-007,   8.4187E-010,   3.5657E-007,   8.7269E-005,   3.5704E-009,  
1101.211,   1.0623E-007,   9.2318E-010,   3.5516E-007,   8.6955E-005,   3.5346E-009,  
1103.239,   1.0586E-007,   1.0154E-009,   3.5610E-007,   8.7006E-005,   3.7689E-009,  
1105.267,   1.0574E-007,   9.8720E-010,   3.5438E-007,   8.6990E-005,   3.6050E-009,  
1107.295,   1.0553E-007,   8.7772E-010,   3.5663E-007,   8.7163E-005,   3.6985E-009,  
1109.323,   1.6937E-007,   1.0378E-009,   3.6091E-007,   8.7182E-005,   3.6204E-009,  
1111.351,   1.1057E-007,   9.7695E-010,   3.5661E-007,   8.7306E-005,   3.8188E-009,  
1113.379,   1.0727E-007,   9.4238E-010,   3.5487E-007,   8.7133E-005,   3.6517E-009,  
1115.407,   1.0799E-007,   1.0429E-009,   3.5584E-007,   8.6989E-005,   3.5717E-009,  
1117.435,   1.0705E-007,   9.8015E-010,   3.5716E-007,   8.7407E-005,   3.4942E-009,  
1119.463,   1.0653E-007,   1.0435E-009,   3.5504E-007,   8.7009E-005,   3.6229E-009,  
1121.491,   1.0625E-007,   9.7311E-010,   3.5645E-007,   8.7370E-005,   3.6280E-009,  
1123.519,   1.0702E-007,   9.5327E-010,   3.5589E-007,   8.7162E-005,   3.7484E-009,  
1125.547,   1.0705E-007,   9.2061E-010,   3.5419E-007,   8.7525E-005,   3.7804E-009,  
1127.575,   1.0702E-007,   9.6735E-010,   3.5683E-007,   8.7095E-005,   3.6460E-009,  
1129.603,   1.0623E-007,   9.5903E-010,   3.5569E-007,   8.7486E-005,   3.6748E-009,  
1131.631,   1.0567E-007,   9.2318E-010,   3.5678E-007,   8.7273E-005,   3.8335E-009,  
1133.659,   1.0693E-007,   9.9936E-010,   3.5579E-007,   8.7407E-005,   3.7061E-009,  
1135.687,   1.0671E-007,   1.1300E-009,   3.5650E-007,   8.7494E-005,   3.5602E-009,  
1137.715,   1.0601E-007,   9.5775E-010,   3.5694E-007,   8.7055E-005,   3.8041E-009,  
1139.743,   1.0679E-007,   1.1236E-009,   3.5562E-007,   8.7233E-005,   3.6722E-009,  
1141.771,   1.0703E-007,   9.1357E-010,   3.5879E-007,   8.7566E-005,   3.6716E-009,  
1143.799,   1.0579E-007,   1.0493E-009,   3.5498E-007,   8.7229E-005,   3.6434E-009,  
1145.827,   1.0641E-007,   9.1293E-010,   3.5578E-007,   8.7501E-005,   3.5935E-009,  
1147.855,   1.0549E-007,   1.1248E-009,   3.5725E-007,   8.7561E-005,   3.6165E-009,  
1149.883,   1.0643E-007,   9.8720E-010,   3.5693E-007,   8.7358E-005,   3.6786E-009,  
1151.911,   1.0642E-007,   9.3726E-010,   3.5610E-007,   8.7559E-005,   3.6652E-009,  
1153.939,   1.0750E-007,   9.4558E-010,   3.5377E-007,   8.7335E-005,   3.6543E-009,  
1155.967,   1.0653E-007,   1.0525E-009,   3.5657E-007,   8.8025E-005,   3.6101E-009,  
1157.995,   1.0652E-007,   8.9181E-010,   3.5705E-007,   8.7156E-005,   3.9392E-009,  
1160.023,   1.0727E-007,   9.6095E-010,   3.5509E-007,   8.7819E-005,   3.8214E-009,  
1162.051,   1.0698E-007,   9.5647E-010,   3.5657E-007,   8.7901E-005,   3.7567E-009,  
1164.079,   1.0626E-007,   1.0563E-009,   3.5534E-007,   8.7365E-005,   3.7638E-009,  
1166.107,   1.0711E-007,   1.0621E-009,   3.5744E-007,   8.7486E-005,   3.4968E-009,  
1168.135,   1.0675E-007,   1.0755E-009,   3.5721E-007,   8.7754E-005,   3.7862E-009,  
1170.163,   1.0665E-007,   1.0909E-009,   3.5437E-007,   8.7726E-005,   3.5672E-009,  
1172.191,   1.0699E-007,   9.3470E-010,   3.5521E-007,   8.7421E-005,   3.6447E-009,  
1174.219,   1.0730E-007,   1.1332E-009,   3.5716E-007,   8.7554E-005,   3.6639E-009,  
1176.247,   1.0682E-007,   1.1114E-009,   3.5712E-007,   8.7770E-005,   3.6024E-009,  
1178.275,   1.0654E-007,   9.7247E-010,   3.5595E-007,   8.7959E-005,   3.8265E-009,  
1180.303,   1.0667E-007,   9.6607E-010,   3.5655E-007,   8.8120E-005,   3.7689E-009,  
1182.331,   1.0669E-007,   1.1703E-009,   3.5631E-007,   8.8039E-005,   3.6460E-009,  
1184.359,   1.0670E-007,   1.0205E-009,   3.5762E-007,   8.7698E-005,   3.6549E-009,  
1186.387,   1.0698E-007,   1.0211E-009,   3.5681E-007,   8.7793E-005,   3.7093E-009,  
1188.415,   1.0701E-007,   1.0128E-009,   3.5688E-007,   8.7580E-005,   3.5896E-009,  
1190.443,   1.0672E-007,   9.1933E-010,   3.5980E-007,   8.7865E-005,   3.7023E-009,  
1192.471,   1.0587E-007,   9.9616E-010,   3.5763E-007,   8.7799E-005,   3.7433E-009,  
1194.500,   1.0718E-007,   1.0499E-009,   3.5696E-007,   8.7657E-005,   3.5986E-009,  
1196.528,   1.0683E-007,   9.5583E-010,   3.5614E-007,   8.7914E-005,   3.6690E-009,  
1198.556,   1.0681E-007,   7.8809E-010,   3.5793E-007,   8.7341E-005,   3.5474E-009,  
1200.584,   1.0641E-007,   9.3534E-010,   3.5725E-007,   8.8060E-005,   3.4686E-009,  
1202.612,   1.0713E-007,   8.3867E-010,   3.5653E-007,   8.7276E-005,   3.6882E-009,  
1204.640,   1.3388E-007,   9.7823E-010,   3.5930E-007,   8.7749E-005,   3.7081E-009,  
1206.668,   1.0874E-007,   9.5775E-010,   3.5700E-007,   8.7661E-005,   3.4520E-009,  
1208.696,   1.0803E-007,   8.8028E-010,   3.5707E-007,   8.7741E-005,   3.7196E-009,  
1210.724,   1.0919E-007,   9.1485E-010,   3.5557E-007,   8.7906E-005,   3.6152E-009,  
1212.752,   1.0825E-007,   9.8079E-010,   3.5845E-007,   8.8477E-005,   3.6556E-009,  
1214.780,   1.0822E-007,   9.8015E-010,   3.5947E-007,   8.7711E-005,   3.6396E-009,  
1216.808,   1.0843E-007,   1.0019E-009,   3.5838E-007,   8.7670E-005,   3.6588E-009,  
1218.836,   1.0817E-007,   1.1088E-009,   3.5832E-007,   8.8512E-005,   3.7247E-009,  
1220.864,   1.0842E-007,   9.9488E-010,   3.5787E-007,   8.7859E-005,   3.7125E-009,  
1222.892,   1.0786E-007,   9.7119E-010,   3.5874E-007,   8.7501E-005,   3.6569E-009,  
1224.920,   1.0856E-007,   1.1754E-009,   3.5869E-007,   8.7698E-005,   3.4872E-009,  
1226.948,   1.0850E-007,   1.2209E-009,   3.5831E-007,   8.8352E-005,   3.7170E-009,  
1228.976,   1.0788E-007,   1.0435E-009,   3.5828E-007,   8.7871E-005,   3.5346E-009,  
1231.004,   1.0819E-007,   1.0698E-009,   3.5833E-007,   8.7886E-005,   3.6677E-009,  
1233.032,   1.0778E-007,   1.0903E-009,   3.5754E-007,   8.7901E-005,   3.5397E-009,  
1235.060,   1.0840E-007,   9.9232E-010,   3.5817E-007,   8.7996E-005,   3.7606E-009,  
1237.088,   1.0884E-007,   9.0589E-010,   3.6072E-007,   8.8627E-005,   3.6460E-009,  
1239.116,   1.0922E-007,   9.1869E-010,   3.6077E-007,   8.8170E-005,   3.5935E-009,  
1241.144,   1.0834E-007,   9.7055E-010,   3.5931E-007,   8.7959E-005,   3.6978E-009,  
1243.172,   1.0802E-007,   9.3342E-010,   3.5848E-007,   8.7998E-005,   3.5512E-009,  
1245.200,   1.0872E-007,   1.0519E-009,   3.6126E-007,   8.8230E-005,   3.6197E-009,  
1247.228,   1.0891E-007,   1.0704E-009,   3.6053E-007,   8.7924E-005,   3.6543E-009,  
1249.256,   1.0796E-007,   1.0864E-009,   3.6217E-007,   8.7741E-005,   3.6364E-009,  
1251.284,   1.0855E-007,   1.0378E-009,   3.5938E-007,   8.8048E-005,   3.7106E-009,  
1253.312,   1.0894E-007,   9.6095E-010,   3.6182E-007,   8.8053E-005,   3.7676E-009,  
1255.340,   1.1484E-007,   1.0890E-009,   3.5944E-007,   8.8067E-005,   3.5262E-009,  
1257.368,   1.0873E-007,   8.6236E-010,   3.6039E-007,   8.8157E-005,   3.5858E-009,  
1259.396,   1.0907E-007,   7.6697E-010,   3.5965E-007,   8.8229E-005,   3.6357E-009,  
1261.424,   1.0891E-007,   1.0262E-009,   3.6167E-007,   8.8112E-005,   3.5896E-009,  
1263.452,   1.0975E-007,   1.0762E-009,   3.6088E-007,   8.8047E-005,   3.5890E-009,  
1265.480,   1.0983E-007,   9.4942E-010,   3.6172E-007,   8.8465E-005,   3.7125E-009,  
1267.508,   1.0916E-007,   1.0640E-009,   3.6063E-007,   8.8467E-005,   3.5960E-009,  
1269.536,   1.0918E-007,   9.5070E-010,   3.6046E-007,   8.8261E-005,   3.7234E-009,  
1271.564,   1.0988E-007,   1.0173E-009,   3.6289E-007,   8.8623E-005,   3.6389E-009,  
1273.592,   1.0948E-007,   9.0717E-010,   3.6037E-007,   8.8770E-005,   3.5743E-009,  
1275.620,   1.0985E-007,   1.0269E-009,   3.6534E-007,   8.8318E-005,   3.6338E-009,  
1277.648,   1.0944E-007,   9.3406E-010,   3.6220E-007,   8.8554E-005,   3.4667E-009,  
1279.676,   1.1003E-007,   1.0416E-009,   3.6303E-007,   8.8697E-005,   3.6741E-009,  
1281.704,   1.0977E-007,   9.9552E-010,   3.6500E-007,   8.8726E-005,   3.6626E-009,  
1283.732,   1.1033E-007,   1.1063E-009,   3.6261E-007,   8.8178E-005,   3.8566E-009,  
1285.760,   1.0966E-007,   7.7721E-010,   3.6254E-007,   8.8670E-005,   3.6050E-009,  
1287.788,   1.1006E-007,   1.1056E-009,   3.6389E-007,   8.8529E-005,   3.7087E-009,  
1289.816,   1.0930E-007,   1.0730E-009,   3.6275E-007,   8.8363E-005,   3.9168E-009,  
1291.844,   1.0962E-007,   1.1985E-009,   3.6229E-007,   8.8499E-005,   3.7125E-009,  
1293.872,   1.0944E-007,   1.0365E-009,   3.6267E-007,   8.8260E-005,   3.6741E-009,  
1295.900,   1.0980E-007,   8.4251E-010,   3.6399E-007,   8.8157E-005,   3.7254E-009,  
1297.928,   1.1017E-007,   9.7823E-010,   3.6595E-007,   8.8229E-005,   3.6671E-009,  
1299.956,   1.1035E-007,   9.5583E-010,   3.6524E-007,   8.8781E-005,   3.5608E-009,  
1301.984,   1.1201E-007,   1.0403E-009,   3.6408E-007,   8.8196E-005,   3.5864E-009,  
1304.012,   1.1125E-007,   9.7375E-010,   3.6355E-007,   8.8602E-005,   3.5621E-009,  
1306.040,   1.1076E-007,   9.6095E-010,   3.6136E-007,   8.8168E-005,   3.4597E-009,  
1308.068,   1.1019E-007,   9.5519E-010,   3.6389E-007,   8.8552E-005,   3.6914E-009,  
1310.096,   1.1079E-007,   9.4942E-010,   3.6304E-007,   8.8243E-005,   3.4571E-009,  
1312.124,   1.1112E-007,   1.0794E-009,   3.6373E-007,   8.8244E-005,   3.7484E-009,  
1314.152,   1.8080E-007,   9.9872E-010,   3.6494E-007,   8.8240E-005,   3.5723E-009,  
1316.180,   1.1133E-007,   8.7452E-010,   3.6400E-007,   8.8562E-005,   3.4296E-009,  
1318.208,   1.1151E-007,   9.5647E-010,   3.6344E-007,   8.8844E-005,   3.6639E-009,  
1320.236,   1.1088E-007,   8.6044E-010,   3.6409E-007,   8.8390E-005,   3.5045E-009,  
1322.264,   1.1107E-007,   9.7567E-010,   3.6408E-007,   8.8851E-005,   3.7055E-009,  
1324.292,   1.1090E-007,   9.9424E-010,   3.6380E-007,   8.8521E-005,   3.8143E-009,  
1326.320,   1.1061E-007,   9.1869E-010,   3.6308E-007,   8.8404E-005,   3.3297E-009,  
1328.348,   1.1053E-007,   9.8720E-010,   3.6333E-007,   8.8457E-005,   3.5531E-009,  
1330.376,   1.1052E-007,   9.5711E-010,   3.6521E-007,   8.8727E-005,   3.6261E-009,  
1332.404,   1.1068E-007,   1.1255E-009,   3.6464E-007,   8.8539E-005,   3.7190E-009,  
1334.432,   1.1090E-007,   1.0679E-009,   3.6471E-007,   8.8770E-005,   3.8227E-009,  
1336.460,   1.1143E-007,   1.0749E-009,   3.6587E-007,   8.8866E-005,   3.3624E-009,  
1338.488,   1.1109E-007,   9.0013E-010,   3.6235E-007,   8.9239E-005,   3.5570E-009,  
1340.516,   1.1145E-007,   8.8284E-010,   3.6382E-007,   8.8595E-005,   3.7804E-009,  
1342.544,   1.1128E-007,   1.0679E-009,   3.6482E-007,   8.8565E-005,   3.7183E-009,  
1344.572,   1.1110E-007,   1.0218E-009,   3.6353E-007,   8.8761E-005,   3.6908E-009,  
1346.600,   1.1120E-007,   1.0467E-009,   3.6303E-007,   8.8063E-005,   3.5602E-009,  
1348.629,   1.1099E-007,   1.1312E-009,   3.6456E-007,   8.9259E-005,   3.6850E-009,  
1350.657,   1.1147E-007,   9.0781E-010,   3.6381E-007,   8.8441E-005,   3.5320E-009,  
1352.685,   1.1148E-007,   1.0237E-009,   3.6348E-007,   8.8836E-005,   3.8860E-009,  
1354.713,   1.1019E-007,   1.1165E-009,   3.6348E-007,   8.9134E-005,   3.5365E-009,  
1356.741,   1.1211E-007,   1.1018E-009,   3.6430E-007,   8.8801E-005,   3.6460E-009,  
1358.769,   1.1138E-007,   9.7759E-010,   3.6458E-007,   8.9220E-005,   3.5519E-009,  
1360.797,   1.1192E-007,   1.1037E-009,   3.6246E-007,   8.8583E-005,   3.5653E-009,  
1362.825,   1.1137E-007,   1.0941E-009,   3.6270E-007,   8.8878E-005,   3.8271E-009,  
1364.853,   1.1195E-007,   1.0480E-009,   3.6428E-007,   8.8717E-005,   3.6921E-009,  
1366.881,   1.1166E-007,   1.1184E-009,   3.6381E-007,   8.8873E-005,   3.8188E-009,  
1368.909,   1.1156E-007,   1.0743E-009,   3.6391E-007,   8.8965E-005,   3.4949E-009,  
1370.937,   1.1105E-007,   1.0288E-009,   3.6389E-007,   8.8859E-005,   3.8976E-009,  
1372.965,   1.1131E-007,   9.1677E-010,   3.6332E-007,   8.8849E-005,   3.5551E-009,  
1374.993,   1.1123E-007,   9.0397E-010,   3.6382E-007,   8.9021E-005,   3.6440E-009,  
1377.021,   1.1075E-007,   1.0288E-009,   3.6535E-007,   8.9168E-005,   3.6050E-009,  
1379.049,   1.1122E-007,   9.5455E-010,   3.6287E-007,   8.8940E-005,   3.7593E-009,  
1381.077,   1.1141E-007,   1.0858E-009,   3.6333E-007,   8.9309E-005,   3.6024E-009,  
1383.105,   1.1112E-007,   1.0154E-009,   3.6316E-007,   8.9564E-005,   3.6498E-009,  
1385.133,   1.1133E-007,   1.0256E-009,   3.6320E-007,   8.8859E-005,   3.6063E-009,  
1387.161,   1.1110E-007,   9.1613E-010,   3.6192E-007,   8.8761E-005,   3.7439E-009,  
1389.189,   1.1081E-007,   1.0717E-009,   3.6285E-007,   8.8607E-005,   3.7029E-009,  
1391.217,   1.1196E-007,   9.8079E-010,   3.6451E-007,   8.9303E-005,   3.8175E-009,  
1393.245,   1.1078E-007,   1.0666E-009,   3.6181E-007,   8.9101E-005,   3.7305E-009,  
1395.273,   1.1079E-007,   9.7759E-010,   3.6160E-007,   8.9175E-005,   3.5980E-009,  
1397.301,   1.1131E-007,   1.0627E-009,   3.6152E-007,   8.9071E-005,   3.7631E-009,  
1399.329,   1.1179E-007,   1.1652E-009,   3.6307E-007,   8.9175E-005,   3.6152E-009,  
1401.357,   1.1207E-007,   1.1108E-009,   3.6386E-007,   8.9138E-005,   3.6997E-009,  
1403.385,   1.1153E-007,   9.9296E-010,   3.6268E-007,   8.8631E-005,   3.6376E-009,  
1405.413,   5.4667E-007,   1.1569E-009,   4.5221E-007,   8.9294E-005,   3.8163E-009,  
1407.441,   1.1473E-007,   1.0096E-009,   3.6413E-007,   8.8955E-005,   3.4488E-009,  
1409.469,   1.1377E-007,   1.0090E-009,   3.6483E-007,   8.8999E-005,   3.6805E-009,  
1411.497,   1.1401E-007,   9.4494E-010,   3.6545E-007,   8.9160E-005,   3.6159E-009,  
1413.525,   1.1350E-007,   1.1466E-009,   3.6157E-007,   8.9139E-005,   3.6985E-009,  
1415.553,   1.1286E-007,   1.0019E-009,   3.6319E-007,   8.9816E-005,   3.7548E-009,  
1417.581,   1.1252E-007,   1.0077E-009,   3.6519E-007,   8.9532E-005,   3.7017E-009,  
1419.609,   1.1309E-007,   1.0327E-009,   3.6495E-007,   8.9234E-005,   3.5909E-009,  
1421.637,   1.1331E-007,   9.8271E-010,   3.6267E-007,   8.8954E-005,   3.7234E-009,  
1423.665,   1.1287E-007,   1.1146E-009,   3.6358E-007,   8.9007E-005,   3.5423E-009,  
1425.693,   1.1232E-007,   1.0218E-009,   3.6326E-007,   8.8889E-005,   3.6325E-009,  
1427.721,   1.1239E-007,   1.1601E-009,   3.6405E-007,   8.8925E-005,   3.5679E-009,  
1429.749,   1.1233E-007,   1.1613E-009,   3.6217E-007,   8.8939E-005,   3.6818E-009,  
1431.777,   1.1250E-007,   1.0474E-009,   3.6122E-007,   8.9099E-005,   3.4808E-009,  
1433.805,   1.1246E-007,   1.0397E-009,   3.6164E-007,   8.9398E-005,   3.5877E-009,  
1435.833,   1.1308E-007,   1.0243E-009,   3.6244E-007,   8.9029E-005,   3.6351E-009,  
1437.861,   1.1189E-007,   9.7887E-010,   3.6389E-007,   8.9455E-005,   3.8515E-009,  
1439.889,   1.1204E-007,   1.0627E-009,   3.6485E-007,   8.9212E-005,   3.7234E-009,  
1441.917,   1.1294E-007,   1.1530E-009,   3.6188E-007,   8.9206E-005,   3.6569E-009,  
1443.945,   1.1215E-007,   9.6863E-010,   3.6273E-007,   8.8837E-005,   3.6837E-009,  
1445.973,   1.1235E-007,   9.5006E-010,   3.6331E-007,   8.9582E-005,   3.7170E-009,  
1448.001,   1.1245E-007,   1.0391E-009,   3.6152E-007,   8.9219E-005,   3.7337E-009,  
1450.029,   1.1283E-007,   1.2292E-009,   3.6437E-007,   8.9180E-005,   3.7593E-009,  
1452.057,   1.1752E-007,   1.0544E-009,   3.6561E-007,   8.8717E-005,   3.6114E-009,  
1454.085,   1.1461E-007,   9.5583E-010,   3.6461E-007,   8.9175E-005,   3.7881E-009,  
1456.113,   1.1368E-007,   1.0147E-009,   3.6343E-007,   8.9329E-005,   3.5800E-009,  
1458.141,   1.1369E-007,   1.0653E-009,   3.6396E-007,   8.9027E-005,   3.5634E-009,  
1460.169,   1.1383E-007,   9.8656E-010,   3.6431E-007,   8.9490E-005,   3.4987E-009,  
1462.197,   1.1402E-007,   9.6479E-010,   3.6578E-007,   8.9154E-005,   3.7394E-009,  
1464.225,   1.1287E-007,   1.0154E-009,   3.6538E-007,   8.9203E-005,   3.6492E-009,  
1466.253,   1.1336E-007,   1.0166E-009,   3.6539E-007,   8.9196E-005,   3.5666E-009,  
1468.281,   1.1273E-007,   9.4878E-010,   3.6609E-007,   8.8793E-005,   3.6440E-009,  
1470.309,   1.1324E-007,   1.0192E-009,   3.6572E-007,   8.9114E-005,   3.4942E-009,  
1472.337,   1.1328E-007,   1.0755E-009,   3.6565E-007,   8.9231E-005,   3.6543E-009,  
1474.365,   1.1268E-007,   9.2638E-010,   3.6704E-007,   8.9516E-005,   3.4309E-009,  
1476.393,   1.1262E-007,   1.0339E-009,   3.6657E-007,   8.9366E-005,   3.5666E-009,  
1478.421,   1.1361E-007,   1.0077E-009,   3.6619E-007,   8.9536E-005,   3.3918E-009,  
1480.449,   1.1407E-007,   1.1140E-009,   3.6649E-007,   8.9276E-005,   3.5455E-009,  
1482.477,   1.1283E-007,   1.1428E-009,   3.6828E-007,   8.9323E-005,   3.7145E-009,  
1484.505,   1.1409E-007,   9.3598E-010,   3.6734E-007,   8.9360E-005,   3.5487E-009,  
1486.533,   1.1308E-007,   1.0307E-009,   3.6605E-007,   8.9730E-005,   3.7042E-009,  
1488.561,   1.1398E-007,   9.7695E-010,   3.6977E-007,   8.9695E-005,   3.6069E-009,  
1490.589,   1.1428E-007,   1.1857E-009,   3.6717E-007,   8.9225E-005,   3.5423E-009,  
1492.617,   1.1444E-007,   1.0038E-009,   3.6786E-007,   8.9236E-005,   3.6421E-009,  
1494.645,   1.1329E-007,   1.0327E-009,   3.6951E-007,   8.9420E-005,   3.6197E-009,  
1496.673,   1.1417E-007,   9.7631E-010,   3.6839E-007,   8.9768E-005,   3.5237E-009,  
1498.701,   1.1386E-007,   9.7567E-010,   3.6968E-007,   8.9101E-005,   3.4424E-009,  
1500.729,   1.1434E-007,   1.1319E-009,   3.6897E-007,   8.9689E-005,   3.4052E-009,  
1502.757,   1.1442E-007,   1.2157E-009,   3.6968E-007,   8.9350E-005,   3.5327E-009,  
1504.786,   1.1484E-007,   1.0083E-009,   3.7010E-007,   8.9560E-005,   3.5634E-009,  
1506.814,   1.1475E-007,   1.0525E-009,   3.6991E-007,   8.9205E-005,   3.5922E-009,  
1508.842,   1.1509E-007,   9.5775E-010,   3.6741E-007,   8.9059E-005,   3.7996E-009,  
1510.870,   1.1452E-007,   1.0077E-009,   3.6729E-007,   8.9332E-005,   3.3873E-009,  
1512.898,   1.1473E-007,   1.1268E-009,   3.6573E-007,   8.9907E-005,   3.7663E-009,  
1514.926,   1.1465E-007,   1.0839E-009,   3.6825E-007,   8.8925E-005,   3.5563E-009,  
1516.954,   1.1432E-007,   9.9296E-010,   3.6827E-007,   8.9734E-005,   3.6402E-009,  
1518.982,   1.1413E-007,   1.1280E-009,   3.6844E-007,   8.9516E-005,   3.4462E-009,  
1521.010,   1.1477E-007,   1.0442E-009,   3.7091E-007,   8.9593E-005,   3.5973E-009,  
1523.038,   1.1534E-007,   1.0397E-009,   3.6982E-007,   8.9464E-005,   3.6376E-009,  
1525.066,   1.1488E-007,   1.0026E-009,   3.6745E-007,   8.9916E-005,   3.9161E-009,  
1527.094,   1.1538E-007,   1.1389E-009,   3.6996E-007,   9.0005E-005,   3.7004E-009,  
1529.122,   1.1505E-007,   1.2382E-009,   3.6961E-007,   8.9948E-005,   3.5781E-009,  
1531.150,   1.1552E-007,   9.1549E-010,   3.7050E-007,   8.9918E-005,   3.7010E-009,  
1533.178,   1.1555E-007,   1.1127E-009,   3.7039E-007,   8.9767E-005,   3.7900E-009,  
1535.206,   1.1547E-007,   1.0903E-009,   3.6923E-007,   8.9842E-005,   3.6933E-009,  
1537.234,   1.1560E-007,   9.7183E-010,   3.6699E-007,   9.0249E-005,   3.4680E-009,  
1539.262,   1.1500E-007,   1.0877E-009,   3.7142E-007,   8.9360E-005,   3.6140E-009,  
1541.290,   1.1977E-007,   1.0480E-009,   3.7142E-007,   8.9820E-005,   3.6972E-009,  
1543.318,   1.1700E-007,   8.6748E-010,   3.7035E-007,   8.9990E-005,   3.5877E-009,  
1545.346,   1.1735E-007,   9.8592E-010,   3.7128E-007,   8.9833E-005,   3.6677E-009,  
1547.374,   1.1646E-007,   1.0954E-009,   3.7019E-007,   8.9848E-005,   3.6825E-009,  
1549.402,   1.1646E-007,   8.7836E-010,   3.6811E-007,   8.9624E-005,   3.6031E-009,  
1551.430,   1.1569E-007,   1.0070E-009,   3.6930E-007,   9.0132E-005,   3.5493E-009,  
1553.458,   1.1647E-007,   1.0134E-009,   3.6868E-007,   8.9334E-005,   3.5525E-009,  
1555.486,   1.1572E-007,   1.0839E-009,   3.6755E-007,   9.0034E-005,   3.5448E-009,  
1557.514,   1.1589E-007,   9.0397E-010,   3.6914E-007,   9.0042E-005,   3.5365E-009,  
1559.542,   1.1610E-007,   1.0224E-009,   3.6943E-007,   8.9406E-005,   3.5154E-009,  
1561.570,   1.1570E-007,   1.1063E-009,   3.7037E-007,   8.9953E-005,   3.5967E-009,  
1563.598,   1.1691E-007,   1.0883E-009,   3.6965E-007,   8.9617E-005,   3.3944E-009,  
1565.626,   1.1647E-007,   1.0160E-009,   3.7016E-007,   8.9679E-005,   3.7049E-009,  
1567.654,   1.1653E-007,   9.1293E-010,   3.6971E-007,   9.0071E-005,   3.6127E-009,  
1569.682,   1.1662E-007,   1.2106E-009,   3.6913E-007,   8.9800E-005,   3.4449E-009,  
1571.710,   1.1652E-007,   1.1204E-009,   3.6869E-007,   8.9799E-005,   3.5141E-009,  
1573.738,   1.1621E-007,   9.6415E-010,   3.6925E-007,   8.9451E-005,   3.4539E-009,  
1575.766,   2.3584E-007,   1.3508E-009,   3.7703E-007,   8.9974E-005,   3.6050E-009,  
1577.794,   2.4831E-007,   1.1780E-009,   3.8093E-007,   8.9908E-005,   3.6338E-009,  
1579.822,   1.2714E-007,   1.0314E-009,   3.6980E-007,   8.9735E-005,   3.5896E-009,  
1581.850,   1.2014E-007,   1.0672E-009,   3.6833E-007,   9.0005E-005,   3.6088E-009,  
1583.878,   1.1984E-007,   9.4942E-010,   3.6868E-007,   8.9738E-005,   3.6569E-009,  
1585.906,   1.1884E-007,   1.1562E-009,   3.7039E-007,   8.9362E-005,   3.4616E-009,  
1587.934,   1.1946E-007,   9.9168E-010,   3.6773E-007,   9.0206E-005,   3.7061E-009,  
1589.962,   1.1765E-007,   1.2215E-009,   3.6732E-007,   9.0115E-005,   3.5474E-009,  
1591.990,   1.1686E-007,   1.0403E-009,   3.6492E-007,   8.9707E-005,   3.5429E-009,  
1594.018,   1.1641E-007,   9.7375E-010,   3.6598E-007,   8.9587E-005,   3.4577E-009,  
1596.046,   1.1713E-007,   1.0787E-009,   3.6505E-007,   9.0312E-005,   3.4187E-009,  
1598.074,   1.1582E-007,   1.0186E-009,   3.6643E-007,   9.0026E-005,   3.5877E-009,  
1600.102,   1.1654E-007,   9.7183E-010,   3.6604E-007,   8.9879E-005,   3.5493E-009,  
1602.130,   1.1580E-007,   1.0032E-009,   3.6358E-007,   8.9975E-005,   3.6569E-009,  
1604.158,   1.1674E-007,   9.3086E-010,   3.6511E-007,   9.0033E-005,   3.6460E-009,  
1606.186,   1.1633E-007,   9.0973E-010,   3.6459E-007,   8.9455E-005,   3.5173E-009,  
1608.214,   1.1619E-007,   1.0243E-009,   3.6720E-007,   8.9007E-005,   3.4821E-009,  
1610.242,   1.1652E-007,   1.0980E-009,   3.6571E-007,   9.0362E-005,   3.5371E-009,  
1612.270,   1.1616E-007,   1.0627E-009,   3.6624E-007,   9.0204E-005,   3.5602E-009,  
1614.298,   1.1637E-007,   9.4942E-010,   3.6322E-007,   8.9791E-005,   3.5448E-009,  
1616.326,   1.1630E-007,   1.0570E-009,   3.6363E-007,   9.0376E-005,   3.4731E-009,  
1618.354,   1.1649E-007,   1.0006E-009,   3.6492E-007,   9.0086E-005,   3.3579E-009,  
1620.382,   1.1581E-007,   1.0371E-009,   3.6720E-007,   8.9837E-005,   3.6460E-009,  
1622.410,   1.1672E-007,   1.1511E-009,   3.6624E-007,   9.0236E-005,   3.4565E-009,  
1624.438,   1.1650E-007,   1.2394E-009,   3.6527E-007,   9.0042E-005,   3.5218E-009,  
1626.466,   1.1621E-007,   1.0986E-009,   3.6571E-007,   8.9851E-005,   3.5845E-009,  
1628.494,   1.1693E-007,   1.0224E-009,   3.6584E-007,   8.9997E-005,   3.5845E-009,  
1630.522,   1.1651E-007,   1.0487E-009,   3.6499E-007,   9.0091E-005,   3.4936E-009,  
1632.550,   1.1660E-007,   9.8912E-010,   3.6460E-007,   9.0891E-005,   3.6485E-009,  
1634.578,   1.1673E-007,   9.8399E-010,   3.6416E-007,   9.0305E-005,   3.5698E-009,  
1636.606,   1.1645E-007,   1.0679E-009,   3.6281E-007,   9.0617E-005,   3.5045E-009,  
1638.634,   1.1615E-007,   1.0531E-009,   3.6438E-007,   9.0394E-005,   3.6415E-009,  
1640.662,   1.1641E-007,   1.0839E-009,   3.6440E-007,   8.9937E-005,   3.3771E-009,  
1642.690,   1.1636E-007,   1.0659E-009,   3.6499E-007,   8.9918E-005,   3.5397E-009,  
1644.718,   1.1686E-007,   1.0576E-009,   3.6519E-007,   9.0400E-005,   3.5480E-009,  
1646.746,   1.1662E-007,   1.0102E-009,   3.6569E-007,   9.0303E-005,   3.3860E-009,  
1648.774,   1.1698E-007,   1.0141E-009,   3.6292E-007,   9.0600E-005,   3.6549E-009,  
1650.802,   1.1642E-007,   1.2388E-009,   3.6558E-007,   9.0101E-005,   3.4680E-009,  
1652.830,   1.1626E-007,   9.8976E-010,   3.6522E-007,   9.0334E-005,   3.3988E-009,  
1654.858,   1.1676E-007,   9.7247E-010,   3.6560E-007,   8.9879E-005,   3.6921E-009,  
1656.886,   1.1602E-007,   1.1869E-009,   3.6570E-007,   9.0027E-005,   3.4686E-009,  
1658.914,   1.1619E-007,   9.8079E-010,   3.6453E-007,   8.9598E-005,   3.5851E-009,  
1660.943,   1.1631E-007,   8.6172E-010,   3.6404E-007,   9.0080E-005,   3.5506E-009,  
1662.971,   1.1726E-007,   1.0557E-009,   3.6389E-007,   9.0301E-005,   3.2868E-009,  
1664.999,   1.1802E-007,   9.0013E-010,   3.6523E-007,   9.0004E-005,   3.2369E-009,  
1667.027,   1.1690E-007,   1.0083E-009,   3.6328E-007,   9.0228E-005,   3.3342E-009,  
1669.055,   1.1703E-007,   1.1050E-009,   3.6270E-007,   8.9939E-005,   3.4469E-009,  
1671.083,   1.1756E-007,   1.1786E-009,   3.6493E-007,   9.0332E-005,   3.5499E-009,  
1673.111,   1.1659E-007,   9.5967E-010,   3.6161E-007,   9.0266E-005,   3.4968E-009,  
1675.139,   1.1720E-007,   1.0768E-009,   3.6448E-007,   8.9864E-005,   3.3764E-009,  
1677.167,   1.1714E-007,   1.0397E-009,   3.6388E-007,   9.0706E-005,   3.4955E-009,  
1679.195,   1.1598E-007,   1.1082E-009,   3.6504E-007,   9.0398E-005,   3.4437E-009,  
1681.223,   1.1638E-007,   1.0416E-009,   3.6176E-007,   8.9536E-005,   3.4878E-009,  
1683.251,   1.1696E-007,   9.2125E-010,   3.6238E-007,   9.0365E-005,   3.5288E-009,  
1685.279,   1.1716E-007,   9.6415E-010,   3.6350E-007,   9.0272E-005,   3.4686E-009,  
1687.307,   1.1604E-007,   1.0851E-009,   3.6438E-007,   9.0134E-005,   3.4930E-009,  
1689.335,   1.1648E-007,   1.0608E-009,   3.6198E-007,   9.0244E-005,   3.5525E-009,  
1691.363,   1.9754E-007,   1.2702E-009,   3.7799E-007,   8.9506E-005,   3.4008E-009,  
1693.391,   1.2275E-007,   9.4942E-010,   3.6552E-007,   8.9887E-005,   3.5154E-009,  
1695.419,   1.2187E-007,   1.0077E-009,   3.6625E-007,   9.0309E-005,   3.2606E-009,  
1697.447,   1.2091E-007,   9.8592E-010,   3.6431E-007,   8.9970E-005,   3.3835E-009,  
1699.475,   1.1979E-007,   1.0096E-009,   3.6492E-007,   9.0482E-005,   3.4520E-009,  
1701.503,   1.1922E-007,   9.9168E-010,   3.6435E-007,   9.0287E-005,   3.3572E-009,  
1703.531,   1.1834E-007,   1.0704E-009,   3.6489E-007,   9.0321E-005,   3.3860E-009,  
1705.559,   1.1843E-007,   1.0467E-009,   3.6217E-007,   9.0430E-005,   3.3924E-009,  
1707.587,   1.1822E-007,   1.0218E-009,   3.6132E-007,   9.0228E-005,   3.4475E-009,  
1709.615,   1.1836E-007,   1.2247E-009,   3.6142E-007,   9.0357E-005,   3.5218E-009,  
1711.643,   1.1774E-007,   1.0262E-009,   3.6296E-007,   8.9775E-005,   3.4283E-009,  
1713.671,   1.1816E-007,   9.1997E-010,   3.6262E-007,   9.0415E-005,   3.5461E-009,  
1715.699,   1.1724E-007,   1.0909E-009,   3.6162E-007,   8.9928E-005,   3.5000E-009,  
1717.727,   1.1806E-007,   1.0090E-009,   3.6173E-007,   9.0887E-005,   3.5845E-009,  
1719.755,   1.1725E-007,   1.0262E-009,   3.6202E-007,   9.0436E-005,   3.3035E-009,  
1721.783,   1.1695E-007,   1.0192E-009,   3.5996E-007,   8.9449E-005,   3.3361E-009,  
1723.811,   1.1746E-007,   1.1268E-009,   3.5847E-007,   9.0437E-005,   3.4385E-009,  
1725.839,   1.1699E-007,   9.2638E-010,   3.6210E-007,   9.0109E-005,   3.4449E-009,  
1727.867,   1.1688E-007,   9.9872E-010,   3.6096E-007,   9.0504E-005,   3.5621E-009,  
1729.895,   1.1668E-007,   9.8079E-010,   3.5904E-007,   9.0564E-005,   3.4040E-009,  
1731.923,   1.1655E-007,   9.2638E-010,   3.5777E-007,   8.9998E-005,   3.5038E-009,  
1733.951,   1.1591E-007,   1.0487E-009,   3.6058E-007,   9.0125E-005,   3.4481E-009,  
1735.979,   1.1666E-007,   9.3086E-010,   3.6029E-007,   9.0529E-005,   3.4181E-009,  
1738.007,   1.1559E-007,   1.1594E-009,   3.5791E-007,   8.9952E-005,   3.4648E-009,  
1740.035,   1.1602E-007,   1.0551E-009,   3.5733E-007,   9.0467E-005,   3.7810E-009,  
1742.063,   1.1559E-007,   9.2061E-010,   3.5715E-007,   8.9931E-005,   3.4539E-009,  
1744.091,   1.1582E-007,   1.0019E-009,   3.5982E-007,   9.0168E-005,   3.3425E-009,  
1746.119,   1.1659E-007,   8.6492E-010,   3.5885E-007,   9.0177E-005,   3.4270E-009,  
1748.147,   1.1511E-007,   1.2875E-009,   3.5834E-007,   9.0356E-005,   3.4558E-009,  
1750.175,   1.1577E-007,   1.1178E-009,   3.5878E-007,   9.0098E-005,   3.2561E-009,  
1752.203,   1.1643E-007,   1.0743E-009,   3.5703E-007,   9.0117E-005,   3.5288E-009,  
1754.231,   1.1595E-007,   9.2318E-010,   3.5791E-007,   9.0333E-005,   3.5423E-009,  
1756.259,   1.1583E-007,   9.9168E-010,   3.5790E-007,   9.0378E-005,   3.3457E-009,  
1758.287,   1.1594E-007,   1.0659E-009,   3.5805E-007,   9.0496E-005,   3.3361E-009,  
1760.315,   1.1584E-007,   1.0589E-009,   3.5755E-007,   9.0064E-005,   3.3118E-009,  
1762.343,   1.1629E-007,   1.0935E-009,   3.5600E-007,   9.0452E-005,   3.4571E-009,  
1764.371,   1.1669E-007,   9.4942E-010,   3.5582E-007,   9.0633E-005,   3.3905E-009,  
1766.399,   1.1665E-007,   9.0013E-010,   3.5791E-007,   9.0656E-005,   3.5589E-009,  
1768.427,   1.1585E-007,   1.0391E-009,   3.5559E-007,   9.0616E-005,   3.5832E-009,  
1770.455,   1.1583E-007,   1.0730E-009,   3.5758E-007,   9.0556E-005,   3.5320E-009,  
1772.483,   1.1585E-007,   1.0384E-009,   3.5733E-007,   9.0257E-005,   3.4827E-009,  
1774.511,   1.1653E-007,   1.0487E-009,   3.5707E-007,   9.0632E-005,   3.3476E-009,  
1776.539,   1.1579E-007,   1.0743E-009,   3.5810E-007,   9.0408E-005,   3.6024E-009,  
1778.567,   1.1629E-007,   9.8912E-010,   3.5693E-007,   9.0347E-005,   3.5781E-009,  
1780.595,   1.1611E-007,   1.0839E-009,   3.5604E-007,   9.0399E-005,   3.4571E-009,  
1782.623,   1.1640E-007,   1.0736E-009,   3.5536E-007,   9.0342E-005,   3.5743E-009,  
1784.651,   1.1570E-007,   1.1889E-009,   3.5482E-007,   9.0961E-005,   3.4789E-009,  
1786.679,   1.1572E-007,   1.1524E-009,   3.5694E-007,   9.0473E-005,   3.5525E-009,  
1788.707,   1.1594E-007,   1.0211E-009,   3.5631E-007,   9.0503E-005,   3.5134E-009,  
1790.735,   1.1684E-007,   1.1140E-009,   3.5606E-007,   9.0557E-005,   3.5186E-009,  
1792.763,   1.1650E-007,   1.0723E-009,   3.5579E-007,   9.0818E-005,   3.6140E-009,  
1794.791,   1.1695E-007,   1.1453E-009,   3.5639E-007,   9.0653E-005,   3.5346E-009,  
1796.819,   1.1611E-007,   1.0551E-009,   3.5391E-007,   9.0655E-005,   3.3316E-009,  
1798.847,   1.1597E-007,   1.0416E-009,   3.5266E-007,   9.0887E-005,   3.3380E-009,  
1800.875,   1.1634E-007,   1.0493E-009,   3.5344E-007,   9.0684E-005,   3.3956E-009,  
1802.903,   1.1490E-007,   1.0531E-009,   3.5515E-007,   9.0966E-005,   3.5301E-009,  
1804.931,   1.1597E-007,   1.2362E-009,   3.5445E-007,   9.0878E-005,   3.4898E-009,  
1806.959,   1.1537E-007,   1.1453E-009,   3.5458E-007,   9.0736E-005,   3.3451E-009,  
1808.987,   4.9567E-007,   1.2138E-009,   3.9087E-007,   9.0772E-005,   3.4949E-009,  
1811.015,   1.2584E-007,   1.1831E-009,   3.5863E-007,   9.0623E-005,   3.5307E-009,  
1813.043,   1.2041E-007,   1.2503E-009,   3.5798E-007,   9.1055E-005,   3.5307E-009,  
1815.071,   1.1952E-007,   1.1562E-009,   3.5650E-007,   9.0066E-005,   3.3969E-009,  
1817.100,   1.1922E-007,   1.0288E-009,   3.5765E-007,   9.0225E-005,   3.4763E-009,  
1819.128,   1.1813E-007,   9.9296E-010,   3.5546E-007,   9.0059E-005,   3.5928E-009,  
1821.156,   1.1792E-007,   1.0493E-009,   3.5548E-007,   9.0580E-005,   3.3342E-009,  
