Jun 27, 2025  11:43:01 AM
Residual Gas Analyzer Software 
RGA Software Version, 3.218.004

Pressure vs Time Scan Setup:

Active channels in Scan, 5 
Units, Torr
Sample Period, 1.00, sec
Focus Voltage, 90, Volts 
Ion Energy, HIGH 
Electron Energy, 70, eV 
CEM Voltage, 1200, Volts
CEM Gain, 1.02E+003 
Sensitivity Factor, 1.56E-004 
Filament Current, 1.00, mAmps
Start time, Jun 27, 2025  11:43:01 AM 
Channel,  Mass(amu),     Name,                 Cal Factor,  Noise Floor, CEM Status

1         28.00          Nitrogen              1.00         3            OFF
2         32.00          Oxygen                1.00         3            OFF
3         18.00          Water                 1.00         3            OFF
4         40.00          Argon                 1.00         3            OFF
5         69.00          CF4                   1.00         3            OFF


Time(s)      Channel#1   Channel#2   Channel#3   Channel#4   Channel#5   

0.000,   1.1938E-007,   7.4424E-009,   1.5756E-007,   3.2791E-009,   1.4226E-005,  
2.012,   1.1901E-007,   7.7900E-009,   1.5756E-007,   3.3937E-009,   1.4282E-005,  
4.040,   1.1837E-007,   7.9347E-009,   1.5620E-007,   3.2638E-009,   1.4305E-005,  
6.068,   1.1687E-007,   7.6082E-009,   1.5588E-007,   3.2081E-009,   1.4200E-005,  
8.096,   1.1849E-007,   7.5563E-009,   1.5728E-007,   3.2222E-009,   1.4287E-005,  
10.124,   1.2012E-007,   7.4744E-009,   1.5722E-007,   3.0896E-009,   1.4255E-005,  
12.152,   1.1914E-007,   7.5455E-009,   1.5711E-007,   3.1594E-009,   1.4230E-005,  
14.180,   1.1724E-007,   7.6357E-009,   1.5630E-007,   3.2202E-009,   1.4246E-005,  
16.208,   1.1636E-007,   7.6908E-009,   1.5584E-007,   3.1351E-009,   1.4253E-005,  
18.236,   1.1656E-007,   7.7394E-009,   1.5512E-007,   3.1018E-009,   1.4241E-005,  
20.264,   1.1688E-007,   7.5730E-009,   1.5485E-007,   3.2010E-009,   1.4312E-005,  
22.292,   1.1736E-007,   7.6946E-009,   1.5482E-007,   3.0743E-009,   1.4209E-005,  
24.320,   1.1608E-007,   7.5851E-009,   1.5349E-007,   2.9027E-009,   1.4238E-005,  
26.348,   1.1705E-007,   7.6351E-009,   1.5348E-007,   3.1863E-009,   1.4181E-005,  
28.376,   1.1670E-007,   7.7305E-009,   1.5285E-007,   2.9885E-009,   1.4288E-005,  
30.404,   1.1838E-007,   7.5685E-009,   1.5287E-007,   2.8963E-009,   1.4318E-005,  
32.432,   1.1846E-007,   7.7951E-009,   1.5414E-007,   3.0282E-009,   1.4185E-005,  
34.460,   1.1771E-007,   7.5058E-009,   1.5359E-007,   3.0102E-009,   1.4202E-005,  
36.488,   1.1838E-007,   7.6639E-009,   1.5294E-007,   2.7612E-009,   1.4233E-005,  
38.516,   1.1779E-007,   7.5557E-009,   1.5372E-007,   2.8867E-009,   1.4218E-005,  
40.544,   1.1748E-007,   7.5474E-009,   1.5181E-007,   2.9149E-009,   1.4213E-005,  
42.572,   1.1814E-007,   7.6677E-009,   1.5280E-007,   2.7567E-009,   1.4252E-005,  
44.600,   1.1845E-007,   7.7875E-009,   1.5129E-007,   2.9974E-009,   1.4167E-005,  
46.628,   1.1853E-007,   7.5301E-009,   1.5287E-007,   2.7286E-009,   1.4209E-005,  
48.656,   1.1901E-007,   7.6428E-009,   1.5272E-007,   3.0301E-009,   1.4163E-005,  
50.684,   1.1848E-007,   7.4219E-009,   1.5216E-007,   2.9917E-009,   1.4151E-005,  
52.712,   1.1922E-007,   7.7183E-009,   1.5272E-007,   2.9155E-009,   1.4181E-005,  
54.741,   1.1958E-007,   7.5679E-009,   1.5236E-007,   2.7484E-009,   1.4158E-005,  
56.769,   1.2176E-007,   7.9110E-009,   1.5408E-007,   2.9213E-009,   1.4242E-005,  
58.797,   1.2172E-007,   7.7900E-009,   1.5411E-007,   2.8195E-009,   1.4174E-005,  
60.825,   1.2206E-007,   7.6370E-009,   1.5377E-007,   2.8431E-009,   1.4095E-005,  
62.853,   1.2210E-007,   7.7215E-009,   1.5378E-007,   2.8086E-009,   1.4163E-005,  
64.881,   1.2188E-007,   7.6959E-009,   1.5281E-007,   2.8752E-009,   1.4156E-005,  
66.909,   1.1872E-007,   7.5429E-009,   1.5109E-007,   2.5723E-009,   1.4180E-005,  
68.937,   1.1816E-007,   7.7446E-009,   1.5093E-007,   2.6677E-009,   1.4131E-005,  
70.965,   1.1759E-007,   7.7318E-009,   1.4966E-007,   2.4750E-009,   1.4140E-005,  
72.993,   1.1810E-007,   7.5186E-009,   1.4944E-007,   2.3489E-009,   1.4190E-005,  
75.021,   1.1748E-007,   7.5794E-009,   1.4823E-007,   2.6172E-009,   1.4206E-005,  
77.049,   1.1724E-007,   7.7606E-009,   1.4751E-007,   2.4213E-009,   1.4157E-005,  
79.077,   1.1724E-007,   7.7951E-009,   1.4814E-007,   2.6050E-009,   1.4090E-005,  
81.105,   1.1745E-007,   7.5647E-009,   1.4843E-007,   2.6191E-009,   1.4069E-005,  
83.133,   1.1797E-007,   7.5083E-009,   1.4740E-007,   2.6498E-009,   1.4109E-005,  
85.161,   1.1629E-007,   7.4994E-009,   1.4744E-007,   2.3764E-009,   1.4061E-005,  
87.189,   1.1631E-007,   7.7670E-009,   1.4665E-007,   2.2932E-009,   1.4127E-005,  
89.217,   1.1592E-007,   7.6050E-009,   1.4594E-007,   2.3822E-009,   1.4097E-005,  
91.245,   1.1646E-007,   7.7618E-009,   1.4606E-007,   2.4878E-009,   1.4074E-005,  
93.273,   1.1683E-007,   7.3803E-009,   1.4701E-007,   2.4795E-009,   1.4142E-005,  
95.301,   1.1571E-007,   7.6639E-009,   1.4605E-007,   2.4533E-009,   1.4049E-005,  
97.329,   1.1649E-007,   7.4245E-009,   1.4563E-007,   2.3758E-009,   1.4040E-005,  
99.357,   1.1673E-007,   7.6031E-009,   1.4512E-007,   2.3425E-009,   1.4063E-005,  
101.385,   1.1642E-007,   7.5800E-009,   1.4587E-007,   2.3374E-009,   1.4108E-005,  
103.413,   1.1631E-007,   7.4097E-009,   1.4426E-007,   2.3988E-009,   1.4106E-005,  
105.441,   1.1616E-007,   7.4545E-009,   1.4529E-007,   2.4910E-009,   1.4081E-005,  
107.469,   1.1605E-007,   7.6210E-009,   1.4499E-007,   2.3502E-009,   1.4042E-005,  
109.497,   1.1745E-007,   7.6524E-009,   1.4558E-007,   2.4149E-009,   1.4080E-005,  
111.525,   1.1795E-007,   7.7215E-009,   1.4481E-007,   2.1665E-009,   1.4025E-005,  
113.553,   1.1652E-007,   7.4334E-009,   1.4480E-007,   2.1722E-009,   1.4068E-005,  
115.581,   1.1633E-007,   7.5256E-009,   1.4479E-007,   2.1434E-009,   1.4015E-005,  
117.609,   1.1671E-007,   7.4994E-009,   1.4356E-007,   2.2759E-009,   1.4048E-005,  
119.637,   1.1591E-007,   7.4904E-009,   1.4379E-007,   2.2727E-009,   1.4001E-005,  
121.665,   1.1615E-007,   7.3451E-009,   1.4362E-007,   2.1127E-009,   1.4078E-005,  
123.693,   1.1576E-007,   7.4046E-009,   1.4325E-007,   2.1268E-009,   1.4033E-005,  
125.721,   1.1578E-007,   7.4731E-009,   1.4311E-007,   2.0563E-009,   1.4061E-005,  
127.749,   1.1718E-007,   7.7298E-009,   1.4377E-007,   2.2490E-009,   1.3934E-005,  
129.777,   1.1495E-007,   7.6761E-009,   1.4319E-007,   2.0749E-009,   1.3947E-005,  
131.805,   1.1535E-007,   7.5602E-009,   1.4249E-007,   2.1229E-009,   1.4026E-005,  
133.833,   1.1666E-007,   7.4686E-009,   1.4247E-007,   1.9168E-009,   1.3916E-005,  
135.861,   1.1587E-007,   7.4245E-009,   1.4236E-007,   2.0666E-009,   1.3983E-005,  
137.889,   1.1513E-007,   7.5679E-009,   1.4123E-007,   2.1594E-009,   1.3914E-005,  
139.917,   1.1545E-007,   7.3271E-009,   1.4283E-007,   2.3758E-009,   1.3981E-005,  
141.945,   1.1684E-007,   7.4872E-009,   1.4217E-007,   2.0685E-009,   1.3965E-005,  
143.973,   1.1517E-007,   7.4469E-009,   1.4160E-007,   2.0359E-009,   1.4024E-005,  
146.001,   1.1574E-007,   7.5551E-009,   1.4183E-007,   2.2017E-009,   1.3958E-005,  
148.029,   1.1518E-007,   7.4782E-009,   1.4275E-007,   1.9033E-009,   1.3983E-005,  
150.057,   1.1576E-007,   7.1530E-009,   1.4139E-007,   1.9981E-009,   1.3974E-005,  
152.085,   1.1555E-007,   7.3700E-009,   1.4090E-007,   2.2234E-009,   1.3939E-005,  
154.113,   1.1533E-007,   7.3303E-009,   1.4113E-007,   2.0839E-009,   1.3923E-005,  
156.141,   1.1515E-007,   7.4981E-009,   1.4108E-007,   2.0768E-009,   1.3911E-005,  
158.169,   1.1573E-007,   7.5960E-009,   1.4097E-007,   1.9200E-009,   1.3986E-005,  
160.197,   1.1562E-007,   7.4795E-009,   1.4170E-007,   1.9661E-009,   1.3887E-005,  
162.225,   1.1448E-007,   7.4091E-009,   1.4005E-007,   1.8988E-009,   1.3932E-005,  
164.253,   1.1551E-007,   7.3649E-009,   1.3954E-007,   1.9059E-009,   1.3961E-005,  
166.281,   1.1465E-007,   7.2606E-009,   1.4014E-007,   1.9104E-009,   1.3894E-005,  
168.309,   1.1505E-007,   7.3860E-009,   1.3983E-007,   1.9706E-009,   1.3859E-005,  
170.337,   1.1581E-007,   7.4904E-009,   1.3966E-007,   1.7241E-009,   1.3919E-005,  
172.365,   1.1566E-007,   7.6101E-009,   1.3985E-007,   1.9347E-009,   1.3837E-005,  
174.393,   1.1504E-007,   7.5122E-009,   1.3926E-007,   1.7746E-009,   1.3905E-005,  
176.421,   1.1495E-007,   7.5525E-009,   1.3906E-007,   1.8201E-009,   1.3856E-005,  
178.449,   1.1500E-007,   7.4693E-009,   1.3883E-007,   1.9264E-009,   1.3873E-005,  
180.477,   1.1544E-007,   7.4821E-009,   1.3987E-007,   1.9142E-009,   1.3907E-005,  
182.505,   1.1579E-007,   7.4424E-009,   1.3998E-007,   3.0877E-009,   1.3815E-005,  
184.533,   1.1692E-007,   7.4168E-009,   1.3920E-007,   2.0621E-009,   1.3860E-005,  
186.561,   1.1656E-007,   7.6735E-009,   1.3961E-007,   1.9443E-009,   1.3817E-005,  
188.589,   1.1730E-007,   7.5147E-009,   1.3981E-007,   2.0045E-009,   1.3913E-005,  
190.617,   1.1686E-007,   7.4341E-009,   1.3998E-007,   2.0051E-009,   1.3896E-005,  
192.645,   1.1703E-007,   7.4123E-009,   1.4024E-007,   1.9526E-009,   1.3910E-005,  
194.673,   1.1562E-007,   7.3969E-009,   1.3915E-007,   1.8707E-009,   1.3866E-005,  
196.701,   1.1557E-007,   7.4763E-009,   1.3902E-007,   1.7791E-009,   1.3800E-005,  
198.729,   1.1542E-007,   7.4629E-009,   1.3884E-007,   1.8323E-009,   1.3826E-005,  
200.757,   1.1661E-007,   7.3489E-009,   1.3889E-007,   1.8297E-009,   1.3797E-005,  
202.785,   1.1770E-007,   7.5685E-009,   1.3954E-007,   1.8521E-009,   1.3863E-005,  
204.813,   1.1667E-007,   7.4366E-009,   1.3919E-007,   2.0371E-009,   1.3819E-005,  
206.841,   1.1639E-007,   7.2164E-009,   1.3847E-007,   1.7254E-009,   1.3914E-005,  
208.869,   1.1613E-007,   7.4955E-009,   1.3850E-007,   1.7939E-009,   1.3763E-005,  
210.898,   1.1662E-007,   7.4097E-009,   1.3965E-007,   1.8431E-009,   1.3825E-005,  
212.926,   1.1528E-007,   7.4667E-009,   1.3931E-007,   1.7593E-009,   1.3813E-005,  
214.954,   1.1691E-007,   7.6076E-009,   1.3840E-007,   1.6677E-009,   1.3788E-005,  
216.982,   1.1745E-007,   7.5928E-009,   1.3903E-007,   1.6466E-009,   1.3762E-005,  
219.010,   1.1488E-007,   7.5198E-009,   1.3818E-007,   1.5288E-009,   1.3775E-005,  
221.038,   1.1557E-007,   7.4315E-009,   1.3745E-007,   1.8079E-009,   1.3812E-005,  
223.066,   1.1527E-007,   7.3662E-009,   1.3809E-007,   1.6569E-009,   1.3758E-005,  
225.094,   1.1771E-007,   7.1428E-009,   1.3761E-007,   1.7029E-009,   1.3673E-005,  
227.122,   1.1429E-007,   7.4341E-009,   1.3870E-007,   1.7106E-009,   1.3775E-005,  
229.150,   1.1413E-007,   7.2798E-009,   1.3817E-007,   1.7222E-009,   1.3741E-005,  
231.178,   1.1495E-007,   7.3342E-009,   1.3704E-007,   1.6140E-009,   1.3758E-005,  
233.206,   1.1498E-007,   7.3284E-009,   1.3774E-007,   1.6671E-009,   1.3646E-005,  
235.234,   1.1513E-007,   7.2209E-009,   1.3867E-007,   1.7510E-009,   1.3642E-005,  
237.262,   1.1464E-007,   7.3271E-009,   1.3828E-007,   1.7631E-009,   1.3694E-005,  
239.290,   1.1617E-007,   7.1376E-009,   1.3713E-007,   1.7708E-009,   1.3706E-005,  
241.318,   1.1512E-007,   7.1972E-009,   1.3801E-007,   1.6876E-009,   1.3741E-005,  
243.346,   1.1478E-007,   7.2593E-009,   1.3669E-007,   1.6658E-009,   1.3632E-005,  
245.374,   1.1536E-007,   7.2298E-009,   1.3822E-007,   1.5102E-009,   1.3678E-005,  
247.402,   1.1481E-007,   7.3918E-009,   1.3737E-007,   1.5666E-009,   1.3713E-005,  
249.430,   1.1551E-007,   7.5026E-009,   1.3779E-007,   1.6569E-009,   1.3601E-005,  
251.458,   1.1471E-007,   7.3777E-009,   1.3615E-007,   1.6652E-009,   1.3611E-005,  
253.486,   1.1507E-007,   7.2746E-009,   1.3602E-007,   1.6729E-009,   1.3610E-005,  
255.514,   1.1542E-007,   7.2746E-009,   1.3699E-007,   1.5973E-009,   1.3681E-005,  
257.542,   1.1563E-007,   7.4232E-009,   1.3618E-007,   1.5429E-009,   1.3621E-005,  
259.570,   1.1382E-007,   7.3592E-009,   1.3747E-007,   1.6114E-009,   1.3631E-005,  
261.598,   1.1499E-007,   7.1594E-009,   1.3610E-007,   1.6082E-009,   1.3613E-005,  
263.626,   1.1466E-007,   7.3022E-009,   1.3601E-007,   1.5672E-009,   1.3609E-005,  
265.654,   1.1482E-007,   7.0999E-009,   1.3662E-007,   1.7260E-009,   1.3611E-005,  
267.682,   1.1491E-007,   7.2708E-009,   1.3668E-007,   1.5435E-009,   1.3663E-005,  
269.710,   1.1468E-007,   7.2548E-009,   1.3610E-007,   1.5013E-009,   1.3651E-005,  
271.738,   1.1472E-007,   6.9885E-009,   1.3656E-007,   1.5410E-009,   1.3605E-005,  
273.766,   1.1385E-007,   7.3099E-009,   1.3581E-007,   1.6159E-009,   1.3670E-005,  
